type_amount=2
type:tag=1
type:park=2
landmark_amount=50
39 1 0.101107 0.469045
23 1 -9.76591 5.93384
24 1 -5.56744 12.3462
19 1 -3.13261 2.42508
26 1 -11.8167 14.7805
22 1 -9.53499 6.41151
5 1 -17.6245 11.1455
6 1 -16.2592 19.2651
8 1 -25.3087 16.0388
10 1 -21.4751 22.5018
11 1 -21.9521 22.3221
13 1 -30.4109 19.3
12 1 -26.7979 25.8423
4 1 -31.6539 17.1614
14 1 -37.0494 6.2111
16 1 -32.828 3.97216
3 1 -28.5036 0.524846
27 1 -20.231 2.6051
1 1 -10.2929 -3.37265
2 1 -17.5344 -6.16617
32 1 1.71938 -8.72832
34 1 6.8651 -12.2191
29 1 3.84288 -19.0083
28 1 8.43137 1.7832
38 1 14.0549 -1.62001
35 1 4.46204 -2.09904
17 1 4.59499 4.68756
54 1 13.964 -1.07371
18 1 3.71965 5.33574
20 1 -0.919589 8.5026
51 1 0.496171 -0.0383293
25 1 -6.10082 12.2573
30 1 -31.6539 17.1614
57 1 8.99956 2.20172
52 1 17.433 4.04311
65 1 15.7252 12.6934
53 1 12.3942 6.94256
7 1 21.4242 9.64398
61 1 25.2107 16.3049
68 1 24.4548 15.1744
33 1 30.2208 22.6609
62 1 20.652 22.1701
37 1 10.6939 -6.36691
36 1 5.85486 -2.67106
58 1 5.70283 -2.47992
59 1 1.7167 -9.0519
55 1 11.0183 -6.195
56 1 8.97941 3.11521
9 1 18.3477 3.70496
69 1 21.6391 9.56306
landmark_P=
   0.0259345   -0.0141055  0.000245549    0.0149526  -0.00765299    0.0150664   -0.0076464    0.0152115  -0.00768563    0.0150999  -0.00765021    0.0151963  -0.00768891    0.0152015     -0.00771    0.0153208  -0.00776249    0.0153946  -0.00784433     0.015444  -0.00784955    0.0154606  -0.00785262    0.0155073  -0.00789693    0.0155321  -0.00787378    0.0155464  -0.00789811      0.01566  -0.00786944    0.0157286  -0.00780264    0.0157681  -0.00776126    0.0158255  -0.00774391    0.0159689  -0.00782826    0.0160924  -0.00789934     0.016207   -0.0080011     0.016517  -0.00812954    0.0165089  -0.00813778    0.0165271   -0.0081356    0.0165247   -0.0081116    0.0165283  -0.00811527    0.0165072  -0.00813399    0.0165427  -0.00809654    0.0165001   -0.0081016    0.0164877  -0.00812127    0.0161688  -0.00789928    0.0159056  -0.00779119    0.0151089   -0.0076465    0.0162179  -0.00798127    0.0166333  -0.00791981    0.0170512  -0.00744636    0.0170361  -0.00746139    0.0170144  -0.00747731    0.0172609   -0.0072914    0.0169928  -0.00748309    0.0169911  -0.00747909    0.0169914  -0.00751506     0.016982  -0.00751176    0.0166521  -0.00804938    0.0166516  -0.00786712    0.0167642   -0.0078215    0.0167099  -0.00788236    0.0167687  -0.00782029    0.0168479  -0.00773948     0.017141  -0.00733106    0.0172353   -0.0072805
  -0.0141056    0.0129711 -0.000246681   -0.0076479    0.0049764  -0.00760297   0.00498593  -0.00765387   0.00495198  -0.00767347   0.00499494  -0.00765818   0.00499356  -0.00770412   0.00501497  -0.00771242   0.00504729   -0.0077678   0.00505621  -0.00777145    0.0050736  -0.00778012   0.00507127  -0.00780092   0.00507599  -0.00779688   0.00509138  -0.00779613   0.00508271  -0.00778234   0.00509865   -0.0077635   0.00512945  -0.00775298   0.00516251  -0.00782113   0.00533687  -0.00785205   0.00538146  -0.00788979   0.00541168  -0.00792572   0.00544727  -0.00801519   0.00549596  -0.00802294   0.00550753  -0.00803075   0.00552651  -0.00802955   0.00555199   -0.0080369   0.00554238  -0.00805682   0.00552117  -0.00801758   0.00556831  -0.00806498   0.00555263  -0.00801917   0.00544812  -0.00795317   0.00529447  -0.00809666   0.00521469  -0.00763314   0.00500192  -0.00792889   0.00542992  -0.00797753     0.005547   -0.0074998   0.00631558  -0.00745153   0.00641626  -0.00750626   0.00624418   -0.0072795   0.00674956  -0.00744021   0.00645153  -0.00744249   0.00645532  -0.00744741   0.00641576   -0.0074534   0.00642415  -0.00799225   0.00552842  -0.00801312   0.00544083  -0.00797794   0.00545586  -0.00802971   0.00544895  -0.00794977   0.00552088  -0.00783414   0.00567569  -0.00739182   0.00647857  -0.00730017   0.00659152
 0.000245549 -0.000246681   0.00289892  7.10644e-09  5.43589e-09 -7.88847e-09  -1.4546e-08 -3.70329e-09 -1.34633e-08  4.71156e-09 -4.96389e-10 -3.35303e-09 -3.58463e-09  6.81998e-09 -1.61492e-08  4.31269e-09 -2.42692e-08  1.93297e-08 -1.91594e-08  2.07307e-08 -2.29382e-08  2.54744e-08 -2.40707e-08  2.85954e-08 -2.22288e-08   2.9656e-08 -1.95932e-08  3.08675e-08 -2.37693e-08  4.93211e-08 -1.65718e-08   6.3345e-08 -3.88532e-11  7.15322e-08  1.30317e-08  6.57874e-08  5.15612e-08  8.07397e-08  4.84746e-08  9.11085e-08   4.4741e-08  1.00315e-07  3.67781e-08  1.26591e-07  2.76859e-08   1.2298e-07  2.97157e-08  1.29836e-07  3.35143e-08  1.32061e-07  3.99791e-08  1.31641e-07  3.12819e-08  1.30355e-07  2.51827e-08   1.2955e-07  4.40874e-08   1.2682e-07  3.67548e-08  1.29839e-07  2.37577e-08  8.74662e-08   2.9875e-08  1.64013e-08  3.05333e-08 -2.13216e-09 -3.79693e-09  1.01395e-07  3.58873e-08  1.51751e-07  8.19045e-08  3.32623e-07  3.37852e-07  2.48961e-07   2.4764e-07  2.92086e-07  3.08592e-07  4.51814e-07  5.85029e-07 -9.29569e-07 -2.02132e-06 -9.74621e-07 -2.10189e-06 -1.10976e-06  -1.9055e-06 -1.01896e-06 -1.95923e-06  1.47676e-07  5.42028e-08  1.47115e-07  7.08146e-08   1.6749e-07  8.07891e-08  1.50038e-07  6.73912e-08  1.75514e-07  9.74185e-08  2.14078e-07  1.47539e-07  3.86394e-07  4.52513e-07  4.38938e-07  5.16094e-07
   0.0149526   -0.0076479  7.10644e-09    0.0151529  -0.00764903     0.014812  -0.00758746    0.0148594  -0.00762483    0.0149199  -0.00762122    0.0148684  -0.00762678    0.0148804  -0.00762179    0.0148761  -0.00762516    0.0148765  -0.00763284    0.0148804  -0.00763142    0.0148804  -0.00763145    0.0148816   -0.0076355    0.0148841  -0.00763336    0.0148854  -0.00763524    0.0148943  -0.00763286    0.0148997  -0.00762718    0.0149029  -0.00762343    0.0149059  -0.00761889     0.014916  -0.00762421    0.0149245  -0.00762851    0.0149323  -0.00763572    0.0149518  -0.00764433    0.0149528  -0.00764467    0.0149565  -0.00764358     0.014957  -0.00764148    0.0149576  -0.00763957    0.0149606  -0.00763389     0.014956  -0.00764312    0.0149614  -0.00763629    0.0149603   -0.0076301    0.0149793  -0.00764797    0.0149763  -0.00764486    0.0148899  -0.00760647     0.014933  -0.00763448    0.0149557  -0.00764553    0.0149535  -0.00764754    0.0149518  -0.00764748    0.0149527  -0.00764821    0.0149528  -0.00764788    0.0149486  -0.00765136    0.0149485  -0.00765134    0.0149482  -0.00765193    0.0149481  -0.00765212    0.0149566  -0.00764092    0.0149558  -0.00764691    0.0149552  -0.00764707    0.0149541  -0.00764704    0.0149551  -0.00764678    0.0149545  -0.00764704    0.0149532  -0.00764817    0.0149528  -0.00764822
 -0.00765299    0.0049764  5.43589e-09  -0.00764899   0.00504187  -0.00753989    0.0049085   -0.0075903   0.00488926  -0.00766596   0.00495451  -0.00763054    0.0049499  -0.00766688   0.00493564  -0.00764996   0.00493975  -0.00767034     0.004932  -0.00766525   0.00493883  -0.00766906   0.00493903  -0.00767304   0.00493259  -0.00766901   0.00493709  -0.00766882   0.00493468  -0.00766131   0.00493783  -0.00765723   0.00494351  -0.00765486   0.00494835  -0.00765979   0.00496644  -0.00765816   0.00496831  -0.00765785   0.00496922  -0.00765767   0.00496926  -0.00765771    0.0049701   -0.0076575   0.00497076  -0.00765476   0.00497209  -0.00765382   0.00497445  -0.00765396   0.00497482  -0.00765285   0.00497734  -0.00765319   0.00497474  -0.00765245     0.004977  -0.00765453    0.0049815  -0.00765442   0.00498605    -0.007648   0.00498838  -0.00760446   0.00495579  -0.00765769    0.0049682  -0.00765298   0.00497894  -0.00765258   0.00497757  -0.00765184   0.00497673  -0.00765209    0.0049785  -0.00765287   0.00497642  -0.00765268   0.00497379  -0.00765275   0.00497387  -0.00765346    0.0049732   -0.0076529   0.00497334  -0.00765279   0.00497682  -0.00765214   0.00498137  -0.00765129   0.00498172  -0.00765135   0.00498006  -0.00765166   0.00498094  -0.00765187   0.00498042  -0.00765277   0.00497775  -0.00765287   0.00497737
   0.0150664  -0.00760297 -7.88847e-09     0.014812  -0.00753989    0.0154106  -0.00773345     0.015239  -0.00765876    0.0150406  -0.00764515    0.0151887  -0.00765237    0.0151047  -0.00766865    0.0151436  -0.00765992    0.0151097  -0.00766925    0.0151153  -0.00765912    0.0151088  -0.00765849    0.0151023  -0.00766689    0.0151068  -0.00766152    0.0151054  -0.00766336    0.0151073  -0.00766145    0.0151064  -0.00766071    0.0151059  -0.00765901    0.0150982  -0.00764466    0.0150907  -0.00763807    0.0150833  -0.00763327    0.0150764  -0.00762665     0.015059  -0.00761795    0.0150581  -0.00761707    0.0150574  -0.00761678    0.0150584  -0.00761574     0.015057  -0.00761812    0.0150546  -0.00762251    0.0150609  -0.00761266    0.0150539  -0.00761976    0.0150531  -0.00762253    0.0150308   -0.0075953    0.0150499  -0.00759819     0.015204  -0.00766916    0.0150758  -0.00762888     0.015061  -0.00760561    0.0150653  -0.00760286    0.0150686  -0.00760351    0.0150669   -0.0076011    0.0150662  -0.00760298    0.0150731  -0.00759892    0.0150732   -0.0075989    0.0150733  -0.00759837    0.0150739  -0.00759803      0.01506  -0.00761414    0.0150616  -0.00760135     0.015064  -0.00760059    0.0150649  -0.00760258    0.0150638  -0.00760156    0.0150643  -0.00760153    0.0150657  -0.00760161    0.0150661   -0.0076018
  -0.0076464   0.00498593  -1.4546e-08  -0.00758746    0.0049085  -0.00773345   0.00522242  -0.00763056   0.00497862    -0.007724   0.00504121  -0.00774149   0.00504623  -0.00778401   0.00508903  -0.00776289   0.00507921  -0.00778405   0.00504126  -0.00776939    0.0050525  -0.00777535    0.0050537   -0.0077728   0.00503423  -0.00776383   0.00504209  -0.00776327   0.00503803  -0.00774882   0.00504108   -0.0077449   0.00504453  -0.00774238   0.00504548  -0.00773101   0.00503064  -0.00771568    0.0050193  -0.00770138   0.00501061  -0.00768801   0.00499813  -0.00765396   0.00498225  -0.00765286   0.00498081  -0.00765004   0.00498076  -0.00764827   0.00498292  -0.00764918   0.00498238  -0.00764864   0.00498299  -0.00764759   0.00498386  -0.00764845   0.00498279  -0.00764772   0.00498212  -0.00763597   0.00497224  -0.00762214   0.00497037  -0.00770083   0.00507645  -0.00768686   0.00500159  -0.00764963   0.00497855  -0.00764769   0.00498322  -0.00764787    0.0049848  -0.00764806   0.00498209  -0.00764672    0.0049859  -0.00764403   0.00499315   -0.0076439   0.00499299   -0.0076425   0.00499458  -0.00764332   0.00499438  -0.00765037    0.0049808  -0.00765056    0.0049757  -0.00765046   0.00497573  -0.00765193   0.00497631  -0.00765045    0.0049766  -0.00764977   0.00497784  -0.00764715   0.00498364  -0.00764678   0.00498438
   0.0152115  -0.00765387 -3.70329e-09    0.0148594   -0.0075903     0.015239  -0.00763056    0.0163024  -0.00790778    0.0151401  -0.00769246    0.0152446  -0.00765436     0.015161  -0.00763709    0.0152179  -0.00763389    0.0151786  -0.00766584    0.0151928  -0.00765076    0.0151835  -0.00764899    0.0151809  -0.00766865    0.0151899  -0.00765934     0.015188  -0.00766318    0.0151962  -0.00766028    0.0151953  -0.00766048     0.015195  -0.00766068    0.0151965  -0.00766474     0.015197  -0.00766565    0.0151977  -0.00766641    0.0151983  -0.00766693    0.0152009  -0.00766789       0.0152  -0.00766812    0.0152004  -0.00766933    0.0152017  -0.00766876    0.0152002  -0.00767151    0.0151969  -0.00767772    0.0152046  -0.00766563    0.0151959  -0.00767425    0.0151945  -0.00767764    0.0151629  -0.00763918    0.0151393  -0.00763259    0.0152861  -0.00768155    0.0151985  -0.00766665    0.0152055   -0.0076541      0.01521  -0.00765218    0.0152166  -0.00765344    0.0152133  -0.00764851    0.0152114  -0.00765387    0.0152222  -0.00765151    0.0152222  -0.00765136    0.0152209   -0.0076516    0.0152229  -0.00765078    0.0152025  -0.00766625    0.0152055   -0.0076479    0.0152077  -0.00764715     0.015208  -0.00765033    0.0152076  -0.00764875    0.0152085  -0.00764881    0.0152105  -0.00765032    0.0152111  -0.00765105
 -0.00768563   0.00495198 -1.34633e-08  -0.00762483   0.00488926  -0.00765876   0.00497862  -0.00790778    0.0054855  -0.00772954   0.00498308  -0.00770339   0.00494199  -0.00773025   0.00495675  -0.00771485   0.00495827  -0.00773573   0.00493956  -0.00772744    0.0049481  -0.00773239   0.00494878  -0.00773436   0.00493784  -0.00772852   0.00494372  -0.00772805   0.00494092  -0.00771951   0.00494368  -0.00771637   0.00494755  -0.00771442   0.00495044   -0.0077139   0.00495577  -0.00770886   0.00495363  -0.00770478   0.00495173    -0.007701   0.00494832  -0.00769177   0.00494442  -0.00769113    0.0049443  -0.00768944   0.00494538  -0.00768804   0.00494762   -0.0076888   0.00494712  -0.00768812    0.0049482  -0.00768734   0.00494862  -0.00768783   0.00494808  -0.00768736   0.00494781  -0.00767656   0.00493869  -0.00765977    0.0049327  -0.00770518   0.00496731  -0.00770071   0.00494872  -0.00768875    0.0049453  -0.00768656   0.00494944  -0.00768762   0.00495056  -0.00768736   0.00494815  -0.00768592   0.00495194  -0.00768444   0.00495856  -0.00768431    0.0049584  -0.00768272   0.00495995  -0.00768385   0.00495968  -0.00768854   0.00494653  -0.00768901   0.00494327  -0.00768787   0.00494405   -0.0076894   0.00494354  -0.00768809    0.0049446  -0.00768776    0.0049454  -0.00768619   0.00494971  -0.00768596   0.00495041
   0.0150999  -0.00767347  4.71156e-09    0.0149199  -0.00766596    0.0150406    -0.007724    0.0151401  -0.00772954     0.016369   -0.0080353    0.0153581  -0.00784455    0.0155665  -0.00786143    0.0154251  -0.00785972     0.015415  -0.00783836    0.0153951  -0.00783763    0.0153917    -0.007838    0.0153759   -0.0078185    0.0153675  -0.00782478    0.0153662  -0.00781932    0.0153409   -0.0078236    0.0153312  -0.00783066    0.0153252  -0.00783201    0.0152973  -0.00779502    0.0152602  -0.00776721    0.0152257  -0.00774604    0.0151932  -0.00771584    0.0151105   -0.0076772    0.0151082  -0.00767371    0.0151008  -0.00767302    0.0150978  -0.00767694    0.0150988  -0.00767733    0.0150967   -0.0076808    0.0150977  -0.00767678     0.015096  -0.00767915     0.015096  -0.00768211    0.0150763  -0.00766232    0.0150514  -0.00766199    0.0152424  -0.00775678    0.0151904  -0.00772426    0.0151003  -0.00767014    0.0151004  -0.00767226    0.0151006  -0.00767351    0.0151006  -0.00767139       0.0151  -0.00767346    0.0150997  -0.00767564    0.0150997  -0.00767559    0.0150994  -0.00767601    0.0150995  -0.00767592    0.0151016  -0.00767469    0.0151017  -0.00766669    0.0151019   -0.0076665    0.0151041  -0.00766773    0.0151022  -0.00766734    0.0151016   -0.0076683    0.0151002  -0.00767218       0.0151  -0.00767265
 -0.00765021   0.00499494 -4.96389e-10  -0.00762122   0.00495451  -0.00764515   0.00504121  -0.00769246   0.00498308   -0.0080353   0.00551257   -0.0077661   0.00507511  -0.00782467   0.00508013  -0.00778816   0.00507246  -0.00780645   0.00504755  -0.00779271   0.00505567  -0.00779637   0.00505617   -0.0077939    0.0050396  -0.00778591   0.00504617  -0.00778551   0.00504209  -0.00776832   0.00504583  -0.00776179   0.00505209  -0.00775784   0.00505521  -0.00774707   0.00504658  -0.00772878    0.0050344  -0.00771231   0.00502482   -0.0076969    0.0050106  -0.00765789   0.00499282  -0.00765661   0.00499136  -0.00765212   0.00499187  -0.00764901   0.00499585  -0.00765072   0.00499448  -0.00765029   0.00499488  -0.00764721   0.00499806  -0.00765008     0.004995  -0.00765012   0.00499515  -0.00764326   0.00499064  -0.00761454   0.00499051  -0.00772643    0.0050499   -0.0076956   0.00501405  -0.00765033   0.00499435  -0.00765012   0.00499477   -0.0076506   0.00499488  -0.00765043   0.00499437  -0.00765022   0.00499494  -0.00765075   0.00499515  -0.00765073   0.00499514  -0.00765051   0.00499525  -0.00765075   0.00499523  -0.00765123   0.00499427   -0.0076509   0.00499322  -0.00764957   0.00499378  -0.00765096   0.00499348  -0.00765009   0.00499389  -0.00765016   0.00499407  -0.00765018   0.00499461   -0.0076502   0.00499471
   0.0151963  -0.00765818 -3.35303e-09    0.0148684  -0.00763054    0.0151887  -0.00774149    0.0152446  -0.00770339    0.0153581   -0.0077661    0.0168565  -0.00809274    0.0156373  -0.00793318    0.0157835  -0.00796147    0.0156535  -0.00794789    0.0156483  -0.00792696    0.0156316  -0.00792645    0.0156028  -0.00792861    0.0156059  -0.00791992    0.0155989  -0.00791982    0.0155767  -0.00791926    0.0155613  -0.00792821    0.0155526   -0.0079279    0.0155065   -0.0078631    0.0154473  -0.00781803     0.015392  -0.00778373      0.01534  -0.00773524    0.0152075  -0.00767301    0.0152038  -0.00766727    0.0151926  -0.00766569    0.0151891  -0.00767035    0.0151894  -0.00767265    0.0151851  -0.00768019    0.0151903    -0.007668    0.0151836  -0.00767647    0.0151841  -0.00768383    0.0151419  -0.00764849    0.0151292   -0.0076429    0.0153557  -0.00778467    0.0153355  -0.00774908    0.0151934  -0.00765708     0.015196  -0.00765737    0.0151975  -0.00765907    0.0151968  -0.00765573    0.0151962  -0.00765818    0.0151996  -0.00765654    0.0151997  -0.00765654    0.0152001  -0.00765622       0.0152  -0.00765603    0.0151947  -0.00766743     0.015195  -0.00765154    0.0151966  -0.00765051    0.0152012  -0.00765248     0.015197  -0.00765181    0.0151967  -0.00765276     0.015196  -0.00765651    0.0151961  -0.00765696
 -0.00768891   0.00499356 -3.58463e-09  -0.00762678    0.0049499  -0.00765237   0.00504623  -0.00765436   0.00494199  -0.00784455   0.00507511  -0.00809274   0.00564323  -0.00795118   0.00516314   -0.0079253   0.00516271  -0.00793132   0.00512407  -0.00791613    0.0051302  -0.00791829    0.0051312  -0.00791048   0.00511201  -0.00790202   0.00511744  -0.00790035   0.00511356  -0.00788046   0.00511628   -0.0078733   0.00512142  -0.00786895   0.00512188  -0.00784611   0.00508983  -0.00781688   0.00506758  -0.00778942   0.00505061  -0.00776366   0.00502664  -0.00769792    0.0049959  -0.00769622   0.00499302  -0.00769076   0.00499219  -0.00768826    0.0049951  -0.00768921   0.00499501  -0.00768808   0.00499659  -0.00768759   0.00499555  -0.00768763   0.00499595  -0.00768775    0.0049975   -0.0076713   0.00498848  -0.00766064   0.00498272  -0.00773014   0.00504162  -0.00776145   0.00503348  -0.00768981    0.0049909   -0.0076893   0.00499274   -0.0076892    0.0049936  -0.00768938   0.00499213  -0.00768899   0.00499355   -0.0076882   0.00499533  -0.00768818   0.00499529  -0.00768806   0.00499562  -0.00768807   0.00499559  -0.00769105   0.00499339  -0.00769058   0.00498889  -0.00769036   0.00498881  -0.00769309   0.00498893  -0.00769061   0.00498927  -0.00769022   0.00498992  -0.00768912   0.00499269  -0.00768901   0.00499299
   0.0152015  -0.00770412  6.81998e-09    0.0148804  -0.00766688    0.0151047  -0.00778401     0.015161  -0.00773025    0.0155665  -0.00782467    0.0156373  -0.00795118     0.017044   -0.0083007    0.0159055  -0.00815663     0.015882  -0.00815774    0.0158494  -0.00813999    0.0158347  -0.00814009    0.0158017  -0.00811516    0.0157917  -0.00811679    0.0157867   -0.0081113    0.0157448  -0.00811339    0.0157282  -0.00812113    0.0157184  -0.00811627    0.0156464  -0.00800221     0.015563  -0.00793534    0.0154836    -0.007885    0.0154089  -0.00781521    0.0152177  -0.00772464     0.015213  -0.00771567    0.0151998  -0.00771153    0.0151951  -0.00771614    0.0151963   -0.0077176    0.0151928  -0.00772282    0.0151962  -0.00771405    0.0151917   -0.0077194    0.0151907  -0.00772327    0.0151468  -0.00768425     0.015123   -0.0076762    0.0152508  -0.00778036    0.0154024  -0.00783629    0.0152009  -0.00769811    0.0152026  -0.00770188    0.0152025  -0.00770493    0.0152027  -0.00769994    0.0152017   -0.0077041    0.0152013  -0.00770728    0.0152012  -0.00770721    0.0152012  -0.00770775    0.0152011  -0.00770765    0.0152042  -0.00771002    0.0152041  -0.00768996    0.0152067  -0.00768813    0.0152117  -0.00769223    0.0152066  -0.00769031    0.0152055  -0.00769249    0.0152019   -0.0077014    0.0152017   -0.0077023
    -0.00771   0.00501497 -1.61492e-08  -0.00762179   0.00493564  -0.00766865   0.00508903  -0.00763709   0.00495675  -0.00786143   0.00508013  -0.00793318   0.00516314  -0.00830071   0.00555593  -0.00811207    0.0053419  -0.00815746   0.00531116  -0.00813179    0.0053104  -0.00812972   0.00531149  -0.00811336   0.00528391  -0.00810154   0.00528908  -0.00809862   0.00528448  -0.00806873   0.00528609  -0.00805938   0.00528991  -0.00805373   0.00528553  -0.00800495   0.00520519  -0.00795088   0.00516082  -0.00789901   0.00512749  -0.00785014   0.00508176  -0.00772459   0.00502224  -0.00772168   0.00501606  -0.00771406   0.00501289  -0.00771036   0.00501594  -0.00771208   0.00501514   -0.0077116   0.00501493  -0.00770976   0.00501656  -0.00771133   0.00501438  -0.00770965   0.00501244  -0.00768787   0.00499555  -0.00766494   0.00498797  -0.00772216    0.0050554  -0.00784586   0.00509589  -0.00771354   0.00500578  -0.00771189   0.00501199  -0.00771074   0.00501459  -0.00771164   0.00501069  -0.00771036   0.00501493  -0.00770585   0.00502304  -0.00770573   0.00502291  -0.00770483   0.00502446  -0.00770501   0.00502441  -0.00771651   0.00501076  -0.00771602   0.00500042  -0.00771669   0.00499965  -0.00772024   0.00500203  -0.00771667   0.00500116  -0.00771538   0.00500331  -0.00771104    0.0050124  -0.00771048   0.00501332
   0.0153208  -0.00771242  4.31269e-09    0.0148761  -0.00764996    0.0151436  -0.00776289    0.0152179  -0.00771485    0.0154251  -0.00778816    0.0157835   -0.0079253    0.0159055  -0.00811207    0.0173248  -0.00867701    0.0163559  -0.00838349    0.0163281  -0.00840164    0.0163206  -0.00840647    0.0162487  -0.00834904    0.0162355  -0.00835209    0.0162283  -0.00834316    0.0161633   -0.0083469    0.0161375  -0.00835899    0.0161221  -0.00835159    0.0160106  -0.00817579    0.0158812  -0.00807203    0.0157582  -0.00799393    0.0156423  -0.00788568    0.0153456  -0.00774529    0.0153383  -0.00773134    0.0153176  -0.00772489    0.0153104  -0.00773204    0.0153121  -0.00773445    0.0153068  -0.00774261    0.0153119  -0.00772885    0.0153049  -0.00773751    0.0153039  -0.00774465    0.0152343   -0.0076901    0.0152056    -0.007673    0.0152766  -0.00776344    0.0156322  -0.00791831    0.0153188  -0.00770581    0.0153219  -0.00771001    0.0153217  -0.00771417     0.015322  -0.00770738    0.0153209  -0.00771241    0.0153214  -0.00771435    0.0153214  -0.00771433    0.0153221  -0.00771449    0.0153213  -0.00771439    0.0153238  -0.00772341    0.0153231  -0.00769454    0.0153268  -0.00769171    0.0153355  -0.00769712    0.0153271  -0.00769466    0.0153256  -0.00769759    0.0153212  -0.00770911    0.0153209  -0.00771019
 -0.00776249   0.00504729 -2.42692e-08  -0.00762516   0.00493975  -0.00765992   0.00507921  -0.00763389   0.00495827  -0.00785972   0.00507246  -0.00796147   0.00516271  -0.00815663    0.0053419  -0.00867701   0.00611485  -0.00845742   0.00555435  -0.00847259   0.00560891  -0.00849412    0.0056152  -0.00844293   0.00552909  -0.00841815   0.00554686  -0.00841725   0.00553537  -0.00836263   0.00553996  -0.00835086   0.00554198  -0.00834308   0.00553118  -0.00825615   0.00537993  -0.00816586   0.00530322    -0.008078   0.00524596  -0.00799529   0.00516832  -0.00778239   0.00506668  -0.00777778   0.00505576  -0.00776678   0.00504903  -0.00776173   0.00505179  -0.00776398   0.00505088  -0.00776375   0.00504943  -0.00776174    0.0050516  -0.00776353   0.00504841  -0.00776004   0.00504382   -0.0077269   0.00501619  -0.00770322   0.00500235  -0.00771337   0.00505417  -0.00798803   0.00519318  -0.00776724   0.00503309  -0.00776557   0.00504267  -0.00776332   0.00504713  -0.00776495   0.00504067  -0.00776302   0.00504723  -0.00775572   0.00505956  -0.00775555   0.00505938  -0.00775443   0.00506163  -0.00775445   0.00506162  -0.00777254   0.00504252  -0.00777173   0.00502361  -0.00777419   0.00502159  -0.00777962   0.00502668  -0.00777382   0.00502437  -0.00777155   0.00502796  -0.00776416   0.00504323  -0.00776323    0.0050447
   0.0153946   -0.0077678  1.93297e-08    0.0148765  -0.00767034    0.0151097  -0.00778405    0.0151786  -0.00773573     0.015415  -0.00780645    0.0156535  -0.00793132     0.015882  -0.00815746    0.0163559  -0.00845742    0.0173278  -0.00880439     0.016798  -0.00869028    0.0167847  -0.00870414    0.0167288  -0.00867648    0.0167085  -0.00867356     0.016694  -0.00866455     0.016604  -0.00866649    0.0165674  -0.00868419    0.0165456  -0.00867326    0.0163859  -0.00842044    0.0162014  -0.00827208    0.0160255  -0.00816043    0.0158601  -0.00800579    0.0154362  -0.00780529    0.0154259  -0.00778529    0.0153968  -0.00777584    0.0153856  -0.00778657     0.015389  -0.00778831     0.015383  -0.00779682    0.0153864  -0.00778391    0.0153808  -0.00779115    0.0153789  -0.00779776    0.0152903  -0.00772991    0.0152376  -0.00770668    0.0152341  -0.00777687    0.0158457  -0.00805254    0.0153966  -0.00775232    0.0153976  -0.00776277    0.0153954  -0.00776929     0.015397  -0.00775945     0.015395  -0.00776775    0.0153896  -0.00777758    0.0153896  -0.00777747    0.0153897    -0.007779    0.0153887  -0.00777896    0.0154049  -0.00777372    0.0154034  -0.00773674    0.0154075  -0.00773322    0.0154195  -0.00774059    0.0154078  -0.00773745    0.0154049  -0.00774241    0.0153961  -0.00776252    0.0153951  -0.00776445
 -0.00784433   0.00505621 -1.91594e-08  -0.00763284     0.004932  -0.00766925   0.00504126  -0.00766584   0.00493956  -0.00783836   0.00504755  -0.00794789   0.00512407  -0.00815774   0.00531115  -0.00838349   0.00555435  -0.00880439   0.00602964   -0.0086769   0.00576771  -0.00871124   0.00578015  -0.00873759   0.00578641  -0.00871913   0.00577228  -0.00871314   0.00577454  -0.00866448   0.00576578  -0.00864906   0.00576521  -0.00863983   0.00574627  -0.00851739   0.00552851  -0.00839339   0.00542159  -0.00827222   0.00534206  -0.00815807    0.0052349  -0.00786441   0.00509412  -0.00785822   0.00507881  -0.00784415   0.00506864  -0.00783845   0.00507056  -0.00784068   0.00507036   -0.0078401   0.00506895  -0.00783968   0.00506867  -0.00783965    0.0050668  -0.00783495   0.00506146  -0.00778707   0.00502216  -0.00776501   0.00500088  -0.00772113   0.00502817  -0.00814809   0.00526973  -0.00784637   0.00504316  -0.00784723    0.0050519  -0.00784491   0.00505727  -0.00784656   0.00504928  -0.00784476   0.00505616  -0.00783913   0.00506582  -0.00783905   0.00506572  -0.00783867   0.00506731  -0.00783819   0.00506734  -0.00785326   0.00505801  -0.00785225   0.00503039  -0.00785673   0.00502696  -0.00786398   0.00503466  -0.00785617   0.00503058  -0.00785364   0.00503472  -0.00784582   0.00505181  -0.00784492   0.00505338
    0.015444  -0.00777145  2.07307e-08    0.0148804  -0.00766525    0.0151153  -0.00776939    0.0151928  -0.00772744    0.0153951  -0.00779271    0.0156483  -0.00791613    0.0158494  -0.00813179    0.0163281  -0.00847259     0.016798   -0.0086769    0.0173443  -0.00890725    0.0170386  -0.00882905    0.0169335  -0.00875291    0.0169079  -0.00877311    0.0169043  -0.00875062    0.0167876  -0.00876425     0.016747  -0.00878389    0.0167225  -0.00877297    0.0165457  -0.00849463    0.0163407  -0.00833013    0.0161453  -0.00820624    0.0159617  -0.00803455     0.015491  -0.00781205    0.0154796  -0.00778996    0.0154469  -0.00777962    0.0154343  -0.00779187    0.0154382  -0.00779384    0.0154313  -0.00780354     0.015435  -0.00778904    0.0154288  -0.00779728    0.0154272  -0.00780533     0.015328  -0.00773163    0.0152708  -0.00770482    0.0152372  -0.00776514    0.0159456   -0.0080863    0.0154464  -0.00775464    0.0154473  -0.00776608    0.0154448  -0.00777315    0.0154466  -0.00776249    0.0154445   -0.0077714    0.0154385  -0.00778188    0.0154385  -0.00778177    0.0154388  -0.00778336    0.0154376   -0.0077834    0.0154555  -0.00777799    0.0154537  -0.00773788    0.0154581  -0.00773398    0.0154716  -0.00774175    0.0154585  -0.00773852    0.0154554  -0.00774393    0.0154457  -0.00776578    0.0154447  -0.00776783
 -0.00784955    0.0050736 -2.29382e-08  -0.00763142   0.00493883  -0.00765912    0.0050525  -0.00765076    0.0049481  -0.00783763   0.00505567  -0.00792696    0.0051302  -0.00813999    0.0053104  -0.00840164   0.00560891  -0.00869028   0.00576771  -0.00890725   0.00611326  -0.00883373   0.00592524  -0.00883397   0.00582999  -0.00881593   0.00586867  -0.00881322     0.005846  -0.00874156   0.00585625  -0.00872688    0.0058517  -0.00871692   0.00583174  -0.00858188   0.00558953  -0.00844742   0.00547273  -0.00831546   0.00538582  -0.00819109   0.00526905  -0.00787095   0.00511542  -0.00786437    0.0050986  -0.00784964   0.00508715   -0.0078436   0.00508869  -0.00784607   0.00508824  -0.00784585   0.00508583  -0.00784502   0.00508665   -0.0078455   0.00508374  -0.00783999   0.00507672  -0.00779047   0.00503441  -0.00776509   0.00501213  -0.00770914   0.00503649  -0.00818017   0.00530728  -0.00785222    0.0050585  -0.00785291   0.00506865  -0.00785019   0.00507468  -0.00785211   0.00506574  -0.00785005   0.00507354  -0.00784323   0.00508513  -0.00784312   0.00508499  -0.00784253   0.00508693  -0.00784204   0.00508698  -0.00785988   0.00507458  -0.00785884   0.00504428  -0.00786387   0.00504049  -0.00787142   0.00504932  -0.00786314   0.00504456   -0.0078603   0.00504924  -0.00785127   0.00506867  -0.00785024   0.00507043
   0.0154606  -0.00778012  2.54744e-08    0.0148804  -0.00766906    0.0151088  -0.00777535    0.0151835  -0.00773239    0.0153917  -0.00779637    0.0156316  -0.00791829    0.0158347  -0.00812972    0.0163206  -0.00849412    0.0167847  -0.00871124    0.0170386  -0.00883373    0.0176255  -0.00921257    0.0170376  -0.00879669    0.0170079  -0.00880563    0.0169896  -0.00878874    0.0168772  -0.00879764    0.0168318  -0.00882263    0.0168049  -0.00881332    0.0166221  -0.00853097    0.0164061  -0.00835922     0.016201  -0.00822971    0.0160081   -0.0080496    0.0155143  -0.00781653    0.0155022  -0.00779364    0.0154665  -0.00778361    0.0154525  -0.00779807     0.015457  -0.00779977    0.0154496  -0.00781045    0.0154524  -0.00779584    0.0154467  -0.00780416    0.0154456   -0.0078135    0.0153413  -0.00773811    0.0152754  -0.00771058    0.0152288  -0.00776903    0.0159913  -0.00810333    0.0154648  -0.00776086    0.0154644  -0.00777406    0.0154614  -0.00778153    0.0154636  -0.00777048    0.0154612  -0.00778006    0.0154535  -0.00779291    0.0154534  -0.00779275    0.0154534  -0.00779478    0.0154523  -0.00779482    0.0154744  -0.00778407    0.0154723  -0.00774391    0.0154761  -0.00774022    0.0154906  -0.00774752    0.0154766  -0.00774483    0.0154733  -0.00775062    0.0154626  -0.00777412    0.0154614   -0.0077763
 -0.00785262   0.00507127 -2.40707e-08  -0.00763145   0.00493903  -0.00765849    0.0050537  -0.00764899   0.00494878    -0.007838   0.00505617  -0.00792645    0.0051312  -0.00814009   0.00531149  -0.00840647    0.0056152  -0.00870414   0.00578015  -0.00882905   0.00592524  -0.00921257   0.00666925  -0.00884518     0.005817  -0.00881765   0.00583543   -0.0088172   0.00582138  -0.00874475   0.00582615  -0.00872763   0.00582669  -0.00871667   0.00580874  -0.00858533   0.00557779  -0.00845059   0.00546253  -0.00831919   0.00537659  -0.00819547   0.00526049  -0.00787718   0.00510818  -0.00787047   0.00509175  -0.00785441   0.00508117  -0.00784777   0.00508416  -0.00785052   0.00508365   -0.0078498   0.00508227  -0.00784864   0.00508264  -0.00784931   0.00508015  -0.00784451   0.00507467  -0.00779343    0.0050332  -0.00776316   0.00501147   -0.0077084   0.00503704  -0.00818463   0.00529794  -0.00785613   0.00505567  -0.00785609   0.00506621  -0.00785324   0.00507209  -0.00785522   0.00506345  -0.00785315   0.00507121  -0.00784579   0.00508334  -0.00784564    0.0050832  -0.00784501   0.00508523  -0.00784452   0.00508529  -0.00786365   0.00507085  -0.00786248   0.00504213  -0.00786677   0.00503872  -0.00787467   0.00504667  -0.00786624   0.00504258   -0.0078634   0.00504721  -0.00785442   0.00506636  -0.00785336   0.00506815
   0.0155073  -0.00780092  2.85954e-08    0.0148816  -0.00767304    0.0151023   -0.0077728    0.0151809  -0.00773436    0.0153759   -0.0077939    0.0156028  -0.00791048    0.0158017  -0.00811336    0.0162487  -0.00844293    0.0167288  -0.00873759    0.0169335  -0.00883397    0.0170376  -0.00884518    0.0174816  -0.00901662    0.0171914  -0.00895347    0.0172167  -0.00899348    0.0171007  -0.00896041    0.0170536   -0.0089962    0.0170254  -0.00897928    0.0168183  -0.00865371    0.0165739  -0.00845836    0.0163423  -0.00831165    0.0161244   -0.0081081    0.0155662  -0.00784442    0.0155528  -0.00781824    0.0155136  -0.00780627    0.0154982  -0.00782154    0.0155032  -0.00782328    0.0154955  -0.00783408    0.0154982    -0.007819    0.0154925  -0.00782718    0.0154907   -0.0078362    0.0153759  -0.00775295    0.0153032   -0.0077214    0.0152187  -0.00776747    0.0161055   -0.0081693    0.0155121  -0.00777924    0.0155117  -0.00779415     0.015508  -0.00780261    0.0155106  -0.00779017    0.0155079  -0.00780085     0.015499  -0.00781542    0.0154989  -0.00781527     0.015499  -0.00781755    0.0154976  -0.00781759    0.0155231  -0.00780524    0.0155206  -0.00775994    0.0155252  -0.00775559    0.0155413  -0.00776427    0.0155258  -0.00776083    0.0155218  -0.00776744    0.0155096   -0.0077942    0.0155083  -0.00779669
 -0.00789693   0.00507599 -2.22288e-08   -0.0076355   0.00493259  -0.00766689   0.00503423  -0.00766865   0.00493784   -0.0078185    0.0050396  -0.00792861   0.00511201  -0.00811516   0.00528391  -0.00834904   0.00552909  -0.00867648   0.00578641  -0.00875291   0.00582999  -0.00879669     0.005817  -0.00901662   0.00607479   -0.0089283   0.00594559  -0.00897689   0.00602075  -0.00890955   0.00595193  -0.00889179   0.00595933  -0.00888143   0.00593161  -0.00873082   0.00566251  -0.00857653   0.00552948  -0.00842653   0.00543095  -0.00828517   0.00529819  -0.00792127   0.00512377  -0.00791374   0.00510482  -0.00789627   0.00509214  -0.00788939   0.00509435  -0.00789207   0.00509423  -0.00789123   0.00509259  -0.00789104   0.00509185  -0.00789072   0.00508985  -0.00788506   0.00508361  -0.00782611   0.00503533  -0.00779903    0.0050092  -0.00771495   0.00502282  -0.00827274   0.00534138  -0.00789911   0.00506049  -0.00790038    0.0050709  -0.00789753   0.00507744  -0.00789951   0.00506774  -0.00789742   0.00507593  -0.00789079   0.00508717  -0.00789072   0.00508704   -0.0078904   0.00508885  -0.00788965   0.00508898  -0.00790761   0.00507901  -0.00790637   0.00504485  -0.00791208   0.00504053  -0.00792093   0.00505015  -0.00791133     0.005045  -0.00790829   0.00505003  -0.00789871   0.00507077  -0.00789763   0.00507263
   0.0155321  -0.00779688   2.9656e-08    0.0148841  -0.00766901    0.0151068  -0.00776383    0.0151899  -0.00772852    0.0153675  -0.00778591    0.0156059  -0.00790202    0.0157917  -0.00810154    0.0162355  -0.00841815    0.0167085  -0.00871913    0.0169079  -0.00881593    0.0170079  -0.00881765    0.0171914   -0.0089283    0.0174511  -0.00900649    0.0172405  -0.00892715    0.0171855  -0.00897368    0.0171269  -0.00899553    0.0170938  -0.00899226    0.0168804  -0.00866465    0.0166307  -0.00846651    0.0163925  -0.00831631    0.0161688   -0.0081074    0.0155957  -0.00783707    0.0155818   -0.0078106    0.0155401   -0.0077991    0.0155237  -0.00781614     0.015529  -0.00781802    0.0155205  -0.00783036    0.0155233  -0.00781392    0.0155171  -0.00782322    0.0155161  -0.00783443    0.0153958  -0.00774968    0.0153178  -0.00771724    0.0152226  -0.00776011    0.0161493   -0.0081696    0.0155376  -0.00777441    0.0155366  -0.00778994    0.0155328  -0.00779846    0.0155355  -0.00778597    0.0155327   -0.0077968    0.0155232  -0.00781191    0.0155231  -0.00781174    0.0155231  -0.00781408    0.0155217  -0.00781414    0.0155488  -0.00780035     0.015546  -0.00775537      0.01555  -0.00775123    0.0155671  -0.00775919    0.0155508  -0.00775636    0.0155468   -0.0077631    0.0155344  -0.00779009     0.015533  -0.00779265
 -0.00787378   0.00509138 -1.95932e-08  -0.00763336   0.00493709  -0.00766152   0.00504209  -0.00765934   0.00494372  -0.00782478   0.00504617  -0.00791992   0.00511744  -0.00811679   0.00528908  -0.00835209   0.00554686  -0.00867356   0.00577228  -0.00877311   0.00586867  -0.00880563   0.00583543  -0.00895347   0.00594559  -0.00900639   0.00611997  -0.00893798   0.00597902  -0.00888752   0.00608173  -0.00887568   0.00604627  -0.00886645   0.00602005  -0.00870002   0.00570766  -0.00854925   0.00557086  -0.00839785   0.00546916  -0.00825515   0.00533471  -0.00788668    0.0051565  -0.00787955   0.00513607  -0.00786701    0.0051201  -0.00786253   0.00511697  -0.00786442   0.00511687  -0.00786562   0.00511102  -0.00786606   0.00511281  -0.00786583   0.00510855  -0.00785734   0.00509579  -0.00780589   0.00504515  -0.00779149   0.00501802  -0.00770968   0.00502953  -0.00824252   0.00538056  -0.00787335   0.00507714  -0.00787708   0.00508646  -0.00787452   0.00509357  -0.00787635   0.00508278  -0.00787421   0.00509133  -0.00786904   0.00510124  -0.00786898   0.00510111  -0.00786894   0.00510268   -0.0078681   0.00510279  -0.00788235   0.00509858  -0.00788176   0.00505893  -0.00788986   0.00505335   -0.0078972   0.00506634  -0.00788847   0.00505859  -0.00788529    0.0050639  -0.00787535   0.00508582  -0.00787436   0.00508773
   0.0155464  -0.00779613  3.08675e-08    0.0148854  -0.00766882    0.0151054  -0.00776327     0.015188  -0.00772805    0.0153662  -0.00778551    0.0155989  -0.00790035    0.0157867  -0.00809862    0.0162283  -0.00841725     0.016694  -0.00871314    0.0169043  -0.00881322    0.0169896   -0.0088172    0.0172167  -0.00897689    0.0172405  -0.00893798    0.0177138  -0.00892859    0.0172167  -0.00896236    0.0171684  -0.00900982    0.0171373  -0.00899418     0.016927  -0.00867515    0.0166691  -0.00847245    0.0164264  -0.00832002    0.0161983  -0.00810715    0.0156146  -0.00783223    0.0156002  -0.00780558    0.0155563  -0.00779477    0.0155388  -0.00781371    0.0155446  -0.00781548    0.0155354  -0.00782897    0.0155378   -0.0078121    0.0155318  -0.00782176    0.0155316  -0.00783471    0.0154075  -0.00774935     0.015322  -0.00771713    0.0152203  -0.00775894    0.0161785  -0.00816991    0.0155527    -0.007773     0.015551  -0.00778903    0.0155469  -0.00779756    0.0155497  -0.00778519     0.015547  -0.00779605    0.0155368   -0.0078117    0.0155367  -0.00781155    0.0155367  -0.00781398    0.0155353  -0.00781396     0.015564  -0.00779838     0.015561  -0.00775435    0.0155642  -0.00775057    0.0155819  -0.00775775    0.0155653  -0.00775553    0.0155612  -0.00776232    0.0155487  -0.00778934    0.0155474  -0.00779191
 -0.00789811   0.00508271 -2.37693e-08  -0.00763524   0.00493468  -0.00766336   0.00503803  -0.00766318   0.00494092  -0.00781932   0.00504209  -0.00791982   0.00511356   -0.0081113   0.00528448  -0.00834316   0.00553537  -0.00866455   0.00577454  -0.00875062     0.005846  -0.00878874   0.00582138  -0.00899348   0.00602075  -0.00892715   0.00597902  -0.00892859   0.00617612  -0.00893427   0.00599021  -0.00891994   0.00599811  -0.00891023   0.00596739  -0.00875466   0.00568749  -0.00859615   0.00555022  -0.00844197   0.00544875  -0.00829663   0.00531222  -0.00792249   0.00513274  -0.00791472   0.00511314  -0.00789723    0.0050998  -0.00789033   0.00510162   -0.0078931   0.00510142  -0.00789251   0.00509918  -0.00789214   0.00509899  -0.00789209   0.00509647  -0.00788598    0.0050892  -0.00782677   0.00503967  -0.00779967   0.00501293  -0.00771072   0.00502546  -0.00828387   0.00535681  -0.00790042   0.00506637  -0.00790177   0.00507736  -0.00789868    0.0050842  -0.00790083   0.00507406  -0.00789864   0.00508265  -0.00789145   0.00509472  -0.00789135   0.00509459  -0.00789097   0.00509655  -0.00789024   0.00509664   -0.0079093   0.00508551  -0.00790805   0.00505004  -0.00791412   0.00504548  -0.00792299   0.00505569  -0.00791332   0.00505016  -0.00791012   0.00505547  -0.00789994   0.00507725  -0.00789883   0.00507921
