type_amount=2
type:tag=1
type:park=2
landmark_amount=56
39 1 0.235208 0.522305
23 1 -9.76683 5.90482
24 1 -5.87404 12.4351
19 1 -3.41117 2.5632
26 1 -12.1382 14.6775
22 1 -9.63722 6.31177
5 1 -17.4277 10.6316
6 1 -16.155 18.8242
8 1 -25.1054 15.432
10 1 -21.2471 21.934
11 1 -21.6913 21.8615
13 1 -30.2923 18.862
12 1 -26.7097 25.3275
4 1 -31.4325 16.8519
14 1 -36.9898 5.24873
16 1 -32.8953 3.09333
3 1 -28.6334 0.193551
27 1 -20.7559 2.04822
1 1 -11.1135 -3.85773
2 1 -18.4672 -6.47196
32 1 1.20876 -8.85531
34 1 6.07535 -12.5024
29 1 3.25849 -19.0548
28 1 8.60292 2.31285
38 1 13.7583 -1.81645
35 1 4.34203 -2.66546
17 1 4.47935 4.78209
54 1 13.9213 -1.09677
18 1 3.74131 5.1288
20 1 -0.721612 8.63955
51 1 0.380837 0.193037
25 1 -6.31204 12.3415
30 1 -32.6075 14.753
57 1 9.0087 2.42177
52 1 17.5709 4.48703
65 1 15.8221 12.9722
53 1 12.3346 7.45
7 1 21.396 9.99284
61 1 25.2172 16.0789
68 1 24.4072 14.9319
33 1 30.1602 22.4837
62 1 20.4079 20.5718
37 1 10.4404 -6.35323
36 1 5.82213 -3.02401
58 1 5.65588 -2.65777
59 1 1.06506 -8.98406
55 1 11.0274 -6.3365
56 1 9.00576 2.78572
9 1 18.4669 4.31049
69 1 21.9149 10.3835
21 1 -0.859394 8.8884
458 1 3.67325 -7.90001
60 1 29.2865 18.4705
66 1 26.0005 26.0678
67 1 31.4941 23.1721
70 1 29.2527 18.9425
landmark_P=
   0.0193774  -0.00246561 -0.000120186    0.0150203  -0.00764561    0.0149972  -0.00762085    0.0150295  -0.00763099    0.0150068  -0.00762298    0.0150238  -0.00763478    0.0150136  -0.00763024    0.0150392  -0.00764134    0.0150391  -0.00765521    0.0150519  -0.00765235    0.0150525  -0.00765209    0.0150553  -0.00766109    0.0150611  -0.00765646    0.0150594  -0.00765771    0.0150726  -0.00765665    0.0150801  -0.00765208    0.0150828  -0.00764948    0.0150842  -0.00764805    0.0150921  -0.00765462    0.0151036  -0.00766175    0.0151104  -0.00766989    0.0151588  -0.00769336    0.0151602  -0.00769428    0.0151686   -0.0076983    0.0151759  -0.00769441    0.0151771  -0.00769281    0.0151746  -0.00770037    0.0151559   -0.0077064    0.0151744  -0.00769443    0.0151575  -0.00770028    0.0151033  -0.00766911    0.0151197  -0.00765739    0.0150178  -0.00762324    0.0150785  -0.00765428    0.0151837  -0.00764193    0.0152346  -0.00758914    0.0153085  -0.00756463    0.0152609  -0.00757734    0.0152555  -0.00755731    0.0154818  -0.00726591    0.0155033  -0.00725427      0.01564  -0.00719449     0.015481  -0.00735551    0.0151677  -0.00768374     0.015146  -0.00765101    0.0151684    -0.007643    0.0151709  -0.00764861    0.0151762  -0.00764181     0.015212  -0.00761642    0.0152417  -0.00757045     0.015256  -0.00754977    0.0150317  -0.00762656    0.0151761  -0.00769245    0.0154447  -0.00728766    0.0154443  -0.00728795    0.0154446  -0.00728773     0.015444  -0.00728921
 -0.00246561    0.0125765 -0.000214724  -0.00765951    0.0049829  -0.00758427   0.00495779  -0.00759937   0.00495247  -0.00762712   0.00496476  -0.00760559    0.0049589   -0.0076237    0.0049626  -0.00762134    0.0049734  -0.00764042   0.00496579  -0.00763805   0.00497746  -0.00764247    0.0049779  -0.00764602   0.00497165  -0.00764379   0.00498067  -0.00764357   0.00497775  -0.00764028   0.00498183   -0.0076366   0.00498601  -0.00763494    0.0049901  -0.00763598   0.00500296  -0.00764438   0.00501522  -0.00765161   0.00502173  -0.00765634   0.00502716  -0.00768099   0.00504273  -0.00768259   0.00504512  -0.00768473   0.00504691  -0.00768413    0.0050579  -0.00768588   0.00505747  -0.00768722   0.00505497  -0.00768148   0.00505106  -0.00768292   0.00506339  -0.00767501   0.00503692  -0.00765237   0.00500739  -0.00768489   0.00500094  -0.00760084    0.0049646  -0.00763802   0.00498375  -0.00767795   0.00505149  -0.00760054   0.00517125  -0.00757096   0.00522524  -0.00759347   0.00515243  -0.00757592   0.00526472  -0.00731365   0.00569722  -0.00728144   0.00570835  -0.00719849   0.00584701  -0.00730579   0.00552918   -0.0076732   0.00505266  -0.00768257   0.00501321  -0.00767414   0.00501934  -0.00768152   0.00502196   -0.0076703   0.00503599  -0.00762664   0.00508155  -0.00758838   0.00519553  -0.00757355   0.00525689  -0.00760508   0.00496227  -0.00768438   0.00505705  -0.00729153   0.00563024   -0.0072918   0.00562989  -0.00729156   0.00563002  -0.00729258   0.00562795
-0.000120186 -0.000214724  0.000287034  3.31773e-08  -9.2031e-09 -4.64177e-08  2.96768e-08  -6.4006e-08  3.47505e-08   -2.606e-08  2.07231e-08 -4.84025e-08   1.1894e-08 -3.62229e-08  2.13088e-08 -3.69213e-08  9.95916e-09 -4.16471e-08 -1.76097e-09 -4.18936e-08 -7.78392e-09  -5.0552e-08 -1.51593e-09 -4.77411e-08 -7.74296e-09 -4.47102e-08 -1.98801e-08 -5.06101e-08  -9.4253e-09  -9.0842e-08 -2.61215e-08 -1.34164e-07 -6.38678e-08 -1.56057e-07 -9.66223e-08 -1.54397e-07  -1.8114e-07 -1.34111e-07 -2.44876e-07 -1.21293e-07 -2.60788e-07 -1.03934e-07 -2.62899e-07 -1.18986e-07  -2.6146e-07 -6.57215e-10 -3.63181e-07 -1.19927e-07 -2.31449e-07   1.6432e-07  -1.8457e-07  1.44813e-07 -2.69359e-07 -9.42259e-08  -2.3647e-08 -5.15376e-08  1.30476e-07  1.49375e-07 -3.08471e-07 -8.96299e-10 -3.68696e-09  6.63079e-09 -2.09696e-08  4.74196e-08 -1.76534e-08 -5.15048e-08  2.50805e-08 -1.13456e-07 -4.32067e-08  1.98742e-08  -1.6315e-08  1.15047e-07  3.41156e-07 -4.15701e-08 -1.47565e-07 -3.72314e-08  8.12724e-08   1.9235e-07 -1.39975e-07 -9.68367e-07  4.63749e-06   -7.314e-07  4.35531e-06 -6.61971e-06  8.21353e-06 -1.18543e-06  1.71499e-06  2.40677e-08  -2.1289e-07  3.99669e-08 -2.48123e-08  4.78291e-08 -2.10542e-08  3.57774e-08 -6.37525e-08  5.21055e-08 -5.09849e-09  7.70399e-08  1.74424e-08  2.06036e-07  9.41404e-08  1.68599e-07  4.29161e-08 -4.45786e-08  1.96714e-08  1.42644e-07 -2.28683e-07  1.18344e-06     3.17e-06  1.19276e-06   3.1703e-06   1.1891e-06  3.16529e-06  1.18056e-06  3.15202e-06
   0.0150203  -0.00765951  3.31773e-08    0.0150783  -0.00764219     0.014923  -0.00761364    0.0149462  -0.00762263    0.0149503  -0.00761509     0.014942  -0.00762479    0.0149374   -0.0076214    0.0149473  -0.00762707    0.0149463  -0.00763559    0.0149538  -0.00763332    0.0149536  -0.00763295    0.0149549   -0.0076387    0.0149586  -0.00763592    0.0149575  -0.00763658    0.0149653  -0.00763609      0.01497  -0.00763355    0.0149714  -0.00763219    0.0149723  -0.00763184    0.0149773  -0.00763601    0.0149843  -0.00764044    0.0149887  -0.00764547    0.0150178  -0.00765962    0.0150202  -0.00766095     0.015019  -0.00766085    0.0150186  -0.00766003    0.0150198  -0.00765922    0.0150196  -0.00765883    0.0150139  -0.00766185    0.0150209   -0.0076586    0.0150132  -0.00765606    0.0149959  -0.00764769    0.0150428  -0.00764263    0.0149405   -0.0076157    0.0149688  -0.00763478    0.0150207  -0.00765654    0.0150252  -0.00765507    0.0150223  -0.00765641    0.0150242  -0.00765519    0.0150222  -0.00765896    0.0150199  -0.00765921    0.0150198  -0.00765926    0.0150201  -0.00765929    0.0150207  -0.00765954    0.0150285   -0.0076559    0.0150382  -0.00764803    0.0150333  -0.00764921    0.0150292  -0.00765259    0.0150301  -0.00765126    0.0150275  -0.00765306    0.0150242  -0.00765687    0.0150227   -0.0076588    0.0149483  -0.00761522    0.0150192  -0.00765967    0.0150239  -0.00766073     0.015024  -0.00766073    0.0150239  -0.00766073    0.0150239  -0.00766073
 -0.00764561    0.0049829  -9.2031e-09  -0.00764215   0.00499951  -0.00759324    0.0049403   -0.0076085   0.00493548  -0.00763233   0.00495212   -0.0076202   0.00494667  -0.00763333   0.00494532  -0.00763193   0.00495231   -0.0076454    0.0049446  -0.00764148   0.00495296   -0.0076448    0.0049536  -0.00764674    0.0049474  -0.00764402   0.00495361  -0.00764455   0.00495185  -0.00764005   0.00495414  -0.00763698   0.00495709  -0.00763575   0.00495968  -0.00763611    0.0049663   -0.0076391   0.00497161    -0.007641   0.00497386  -0.00764232    0.0049753  -0.00764793   0.00497982  -0.00764794   0.00498077   -0.0076465    0.0049806  -0.00764398   0.00498505  -0.00764452   0.00498486  -0.00764441   0.00498462  -0.00764306   0.00498488  -0.00764401    0.0049854  -0.00764249   0.00498413  -0.00763884   0.00498105  -0.00764208   0.00499391  -0.00761253   0.00494807  -0.00763796    0.0049555  -0.00764371     0.004989  -0.00764494   0.00498637  -0.00764435   0.00498531  -0.00764435   0.00498745  -0.00764595   0.00498364  -0.00764502   0.00498311  -0.00764514   0.00498306  -0.00764556   0.00498283  -0.00764537   0.00498389  -0.00764445     0.004986   -0.0076425   0.00499155   -0.0076434   0.00499105   -0.0076445    0.0049889  -0.00764382   0.00498999  -0.00764435    0.0049891  -0.00764541   0.00498596  -0.00764589   0.00498424  -0.00760983   0.00494933   -0.0076442   0.00498506   -0.0076459    0.0049837  -0.00764591   0.00498371  -0.00764591    0.0049837  -0.00764589   0.00498371
   0.0149972  -0.00758427 -4.64177e-08     0.014923  -0.00759324    0.0151891  -0.00767896    0.0151246  -0.00766074    0.0150705  -0.00766562    0.0151167  -0.00766378    0.0150978  -0.00766782    0.0150917  -0.00765322    0.0150725  -0.00765656    0.0150711  -0.00764669    0.0150661  -0.00764599    0.0150621  -0.00764972    0.0150625  -0.00764354    0.0150626  -0.00764516    0.0150603  -0.00764276    0.0150589  -0.00764227    0.0150585  -0.00764101    0.0150571   -0.0076341    0.0150486  -0.00762374     0.015039   -0.0076166     0.015033  -0.00760957    0.0149958   -0.0075896    0.0149929  -0.00758701    0.0149963  -0.00758756        0.015  -0.00758299    0.0149984  -0.00758395    0.0149985  -0.00758461     0.015008  -0.00758002    0.0149971  -0.00758435     0.015009  -0.00758772    0.0150368  -0.00760179    0.0149706  -0.00759772    0.0151301  -0.00767074    0.0150589   -0.0076427    0.0149978  -0.00758378     0.014991  -0.00758748    0.0149954  -0.00758662    0.0149929  -0.00758638    0.0149941  -0.00758441    0.0149982  -0.00758443    0.0149982  -0.00758444    0.0149975  -0.00758458    0.0149968  -0.00758335    0.0149868  -0.00758749    0.0149759  -0.00759271    0.0149813   -0.0075916    0.0149857  -0.00758943    0.0149856  -0.00758972    0.0149884  -0.00758805     0.014992  -0.00758537    0.0149937  -0.00758406    0.0151256     -0.00767    0.0149993   -0.0075834     0.014992  -0.00758202     0.014992  -0.00758202     0.014992    -0.007582     0.014992  -0.00758202
 -0.00762085   0.00495779  2.96768e-08  -0.00761364    0.0049403  -0.00767896   0.00505981  -0.00765795   0.00499839  -0.00769202   0.00501427  -0.00769463   0.00501265  -0.00771704   0.00502473  -0.00770048    0.0050139  -0.00770888   0.00499696  -0.00769716   0.00500364  -0.00769955   0.00500478  -0.00769788   0.00499361  -0.00769226   0.00499903  -0.00769438   0.00499843  -0.00768562    0.0049984  -0.00768387   0.00499875  -0.00768334   0.00499828  -0.00768221   0.00499341  -0.00767484   0.00498502  -0.00766623   0.00497882  -0.00766086   0.00497249  -0.00762723   0.00495459  -0.00762481   0.00495256  -0.00762526   0.00495263  -0.00762509   0.00495211  -0.00762503     0.004952  -0.00762459   0.00495313   -0.0076251   0.00495382  -0.00762423   0.00495248  -0.00762685   0.00495677  -0.00763015   0.00496222  -0.00762095    0.0049469  -0.00769264   0.00503024  -0.00768392   0.00499887  -0.00762491   0.00494942   -0.0076216   0.00495371  -0.00762261   0.00495469  -0.00762245   0.00495236   -0.0076205   0.00495692  -0.00762188   0.00495759  -0.00762175   0.00495763  -0.00762102   0.00495799  -0.00762134   0.00495664  -0.00762286    0.0049517  -0.00762227   0.00494826  -0.00762229   0.00494866  -0.00762307   0.00494919  -0.00762287   0.00494934  -0.00762212   0.00495052  -0.00762107   0.00495419  -0.00762054   0.00495619  -0.00767206    0.0050133  -0.00762505   0.00495195  -0.00762035   0.00495674  -0.00762035   0.00495673  -0.00762035   0.00495673  -0.00762036   0.00495672
   0.0150295  -0.00759937  -6.4006e-08    0.0149462   -0.0076085    0.0151246  -0.00765795    0.0153182  -0.00773089    0.0150977  -0.00767514    0.0151396  -0.00766076    0.0151135  -0.00765964    0.0151102  -0.00764762    0.0150907  -0.00765395    0.0150913   -0.0076433    0.0150862  -0.00764234    0.0150828  -0.00764797    0.0150842  -0.00764115    0.0150838  -0.00764276    0.0150827  -0.00764062     0.015081   -0.0076406    0.0150805  -0.00763991    0.0150794  -0.00763508    0.0150726  -0.00762729    0.0150649  -0.00762168      0.01506  -0.00761598    0.0150297  -0.00760002    0.0150271  -0.00759789     0.015031  -0.00759871    0.0150349  -0.00759474    0.0150332   -0.0075957    0.0150335  -0.00759614     0.015045  -0.00759117    0.0150317  -0.00759615    0.0150464  -0.00760052    0.0150832  -0.00761648    0.0149994  -0.00761264    0.0151676  -0.00766769    0.0150812   -0.0076407    0.0150321  -0.00759646    0.0150232  -0.00760178    0.0150282  -0.00760082    0.0150255  -0.00760035    0.0150264  -0.00759907    0.0150311  -0.00759946     0.015031  -0.00759948    0.0150299  -0.00759979    0.0150293  -0.00759804    0.0150192  -0.00760005    0.0150064  -0.00760717    0.0150126  -0.00760594    0.0150179  -0.00760296    0.0150176  -0.00760361    0.0150205  -0.00760204    0.0150243  -0.00759965     0.015026  -0.00759856    0.0152031  -0.00769217    0.0150341  -0.00759515    0.0150238  -0.00759648    0.0150237  -0.00759649    0.0150237  -0.00759647    0.0150238  -0.00759648
 -0.00763099   0.00495247  3.47505e-08  -0.00762263   0.00493548  -0.00766074   0.00499839  -0.00773089   0.00512602  -0.00769237     0.004999   -0.0076804   0.00497999  -0.00769549    0.0049869  -0.00768415   0.00498335   -0.0076937   0.00496946   -0.0076843   0.00497657  -0.00768698   0.00497769  -0.00768625   0.00496793  -0.00768156   0.00497348  -0.00768321   0.00497262  -0.00767609   0.00497311  -0.00767435   0.00497382  -0.00767378   0.00497392  -0.00767306   0.00497163  -0.00766845   0.00496676  -0.00766277   0.00496285  -0.00765929   0.00495876  -0.00763691   0.00494717  -0.00763513   0.00494585  -0.00763574   0.00494612   -0.0076355   0.00494641  -0.00763536   0.00494629  -0.00763492   0.00494749  -0.00763558    0.0049484  -0.00763448   0.00494692  -0.00763779   0.00495224  -0.00764231    0.0049582  -0.00763039   0.00494184  -0.00768305   0.00499607  -0.00767461   0.00497368  -0.00763519   0.00494416  -0.00763146   0.00494867  -0.00763263   0.00494958  -0.00763242   0.00494728  -0.00763043   0.00495191  -0.00763209   0.00495237  -0.00763198   0.00495242  -0.00763119   0.00495271  -0.00763153   0.00495144  -0.00763276   0.00494626  -0.00763189   0.00494338  -0.00763197   0.00494384  -0.00763288   0.00494407  -0.00763265   0.00494437  -0.00763194    0.0049455  -0.00763094   0.00494914  -0.00763046   0.00495117  -0.00768617   0.00501107  -0.00763542   0.00494621  -0.00763041   0.00495146  -0.00763039   0.00495146  -0.00763041   0.00495145  -0.00763041   0.00495145
   0.0150068  -0.00762712   -2.606e-08    0.0149503  -0.00763233    0.0150705  -0.00769202    0.0150977  -0.00769237    0.0157761   -0.0078164    0.0151417  -0.00771712    0.0151947  -0.00771338    0.0151429  -0.00770763    0.0151364  -0.00770169    0.0151238  -0.00769717    0.0151212  -0.00769738    0.0151161  -0.00769161    0.0151121  -0.00769191     0.015114  -0.00769215    0.0151043  -0.00769109    0.0151003  -0.00769226    0.0150991  -0.00769209    0.0150974  -0.00768591    0.0150864  -0.00767376     0.015073   -0.0076644    0.0150648  -0.00765467    0.0150126   -0.0076273    0.0150086  -0.00762431    0.0150105  -0.00762444    0.0150119   -0.0076226    0.0150105  -0.00762339    0.0150107  -0.00762379    0.0150171  -0.00762062    0.0150094  -0.00762383    0.0150178   -0.0076261    0.0150384  -0.00763579    0.0149876  -0.00763481    0.0151207  -0.00769969    0.0151011  -0.00769186    0.0150099  -0.00762396    0.0150032  -0.00762813    0.0150062  -0.00762753    0.0150046  -0.00762713     0.015005   -0.0076267    0.0150076  -0.00762703    0.0150076  -0.00762704    0.0150069  -0.00762729    0.0150066  -0.00762617    0.0150013  -0.00762625     0.014992  -0.00763095    0.0149965  -0.00763002    0.0150005  -0.00762783    0.0149996  -0.00762864    0.0150014  -0.00762786    0.0150037  -0.00762682    0.0150047  -0.00762636    0.0151139  -0.00770559    0.0150113  -0.00762293    0.0150035  -0.00762533    0.0150035  -0.00762533    0.0150035  -0.00762532    0.0150035  -0.00762533
 -0.00762298   0.00496476  2.07231e-08  -0.00761509   0.00495212  -0.00766562   0.00501427  -0.00767514     0.004999   -0.0078164   0.00517297   -0.0076941   0.00500663  -0.00771417   0.00500946  -0.00769736   0.00500395  -0.00770629   0.00498965  -0.00769507   0.00499595  -0.00769725   0.00499694  -0.00769607   0.00498664  -0.00769071   0.00499228  -0.00769254   0.00499128  -0.00768339    0.0049919  -0.00768011   0.00499358  -0.00767898   0.00499433  -0.00767802   0.00499278  -0.00767228   0.00498708  -0.00766477   0.00498207  -0.00766009   0.00497656  -0.00762968   0.00496112  -0.00762725    0.0049595  -0.00762721   0.00495965  -0.00762545   0.00496149  -0.00762586   0.00496102  -0.00762555   0.00496195  -0.00762569   0.00496345  -0.00762493   0.00496162  -0.00762752   0.00496624  -0.00763202   0.00497146  -0.00762016    0.0049581  -0.00768814   0.00501113  -0.00768073   0.00499296  -0.00762544   0.00495975  -0.00762274   0.00496299  -0.00762362   0.00496373  -0.00762344   0.00496201  -0.00762192    0.0049653  -0.00762354   0.00496494  -0.00762352   0.00496496   -0.0076231   0.00496489   -0.0076232   0.00496454  -0.00762384   0.00496112  -0.00762273   0.00495922  -0.00762282   0.00495964  -0.00762398   0.00495944  -0.00762355   0.00496001  -0.00762314   0.00496076  -0.00762234    0.0049634  -0.00762197   0.00496479  -0.00768895   0.00502381  -0.00762563   0.00496119  -0.00762264   0.00496448  -0.00762264   0.00496447  -0.00762264   0.00496448  -0.00762264   0.00496448
   0.0150238  -0.00760559 -4.84025e-08     0.014942   -0.0076202    0.0151167  -0.00769463    0.0151396   -0.0076804    0.0151417   -0.0076941    0.0157128  -0.00787061    0.0153074  -0.00776676    0.0153344  -0.00777258    0.0152911    -0.007767    0.0152737  -0.00774939    0.0152636  -0.00774765    0.0152535  -0.00774915    0.0152495  -0.00773933    0.0152516  -0.00774182    0.0152349  -0.00773785    0.0152235  -0.00774277    0.0152201   -0.0077437    0.0152164  -0.00773418    0.0151941  -0.00771035    0.0151657  -0.00769094    0.0151482   -0.0076701    0.0150348  -0.00761141    0.0150265  -0.00760528    0.0150271  -0.00760513    0.0150252  -0.00760657    0.0150242  -0.00760708    0.0150239  -0.00760848    0.0150297  -0.00760612     0.015022  -0.00760823    0.0150315  -0.00761425    0.0150506  -0.00762455    0.0149925  -0.00762312    0.0152938  -0.00773068    0.0152258  -0.00774034    0.0150231  -0.00760771    0.0150172  -0.00761025    0.0150215  -0.00760907    0.0150189  -0.00760955    0.0150209  -0.00760577    0.0150246  -0.00760586    0.0150246  -0.00760585    0.0150241  -0.00760591    0.0150233  -0.00760499    0.0150131  -0.00761051        0.015  -0.00761726    0.0150065  -0.00761571    0.0150133  -0.00761177    0.0150112  -0.00761353    0.0150143  -0.00761164    0.0150185  -0.00760775    0.0150204  -0.00760568    0.0151338   -0.0076893    0.0150247  -0.00760675    0.0150186  -0.00760356    0.0150186  -0.00760357    0.0150186  -0.00760355    0.0150186  -0.00760356
 -0.00763478    0.0049589   1.1894e-08  -0.00762479   0.00494667  -0.00766378   0.00501265  -0.00766076   0.00497999  -0.00771712   0.00500663  -0.00787061   0.00529952  -0.00778377   0.00506213  -0.00777687   0.00506134  -0.00778127   0.00504092  -0.00776603   0.00504478  -0.00776691   0.00504592  -0.00776317   0.00503389   -0.0077561   0.00503801  -0.00775858    0.0050377  -0.00774611   0.00503702  -0.00774228   0.00503794  -0.00774122   0.00503745  -0.00773923   0.00502945  -0.00772643    0.0050151  -0.00771119   0.00500417  -0.00770168   0.00499289  -0.00764196   0.00496117  -0.00763783   0.00495774  -0.00763767   0.00495751  -0.00763627   0.00495744  -0.00763652   0.00495715  -0.00763604   0.00495823  -0.00763558   0.00495931   -0.0076357   0.00495749  -0.00763714   0.00496131  -0.00763765    0.0049642  -0.00763209   0.00495219   -0.0077176   0.00503281  -0.00774265   0.00503783  -0.00763638   0.00495437  -0.00763454    0.0049569  -0.00763543   0.00495759  -0.00763516    0.0049559  -0.00763406   0.00495851  -0.00763529    0.0049588  -0.00763523   0.00495884  -0.00763484   0.00495898  -0.00763492   0.00495818    -0.007635   0.00495666  -0.00763389   0.00495329  -0.00763429   0.00495354  -0.00763559   0.00495385  -0.00763498   0.00495407  -0.00763475   0.00495475  -0.00763423   0.00495694  -0.00763405   0.00495807   -0.0076692   0.00499915  -0.00763639   0.00495721  -0.00763402   0.00495819  -0.00763402    0.0049582  -0.00763402    0.0049582  -0.00763403   0.00495819
   0.0150136   -0.0076237 -3.62229e-08    0.0149374  -0.00763333    0.0150978  -0.00771704    0.0151135  -0.00769549    0.0151947  -0.00771417    0.0153074  -0.00778377    0.0159451  -0.00788546    0.0153361  -0.00781581    0.0153111   -0.0078148     0.015288  -0.00779628     0.015279  -0.00779565    0.0152684  -0.00779083    0.0152614  -0.00778483    0.0152646  -0.00778675    0.0152448  -0.00778295    0.0152348   -0.0077864    0.0152319    -0.007786    0.0152277  -0.00777169    0.0152018  -0.00774297    0.0151701  -0.00772068    0.0151506  -0.00769735     0.015025   -0.0076315    0.0150163  -0.00762447     0.015017  -0.00762414    0.0150156  -0.00762348    0.0150146  -0.00762403    0.0150146  -0.00762513    0.0150203  -0.00762236    0.0150129  -0.00762477    0.0150213  -0.00762893    0.0150378   -0.0076376    0.0149856  -0.00763654    0.0152425  -0.00775038    0.0152364   -0.0077849    0.0150138   -0.0076233    0.0150076  -0.00762691    0.0150118  -0.00762621    0.0150095  -0.00762583    0.0150105  -0.00762407    0.0150144   -0.0076239    0.0150143  -0.00762388    0.0150138  -0.00762394    0.0150131  -0.00762299    0.0150044  -0.00762681    0.0149925  -0.00763132    0.0149985  -0.00762999    0.0150049  -0.00762691     0.015003  -0.00762827    0.0150053  -0.00762711    0.0150086  -0.00762492    0.0150102  -0.00762376    0.0151097  -0.00770097    0.0150153  -0.00762375    0.0150087  -0.00762171    0.0150087  -0.00762171    0.0150087   -0.0076217    0.0150087  -0.00762172
 -0.00763024    0.0049626  2.13088e-08   -0.0076214   0.00494532  -0.00766782   0.00502473  -0.00765964    0.0049869  -0.00771338   0.00500946  -0.00776676   0.00506213  -0.00788547   0.00518985  -0.00780709   0.00509076  -0.00781646   0.00507376  -0.00779797   0.00507273  -0.00779743   0.00507354  -0.00779271   0.00506146  -0.00778486   0.00506404  -0.00778787   0.00506435  -0.00777307    0.0050627  -0.00776834   0.00506382  -0.00776709   0.00506292  -0.00776449   0.00505225    -0.007748   0.00503355  -0.00772854   0.00501955  -0.00771637   0.00500516  -0.00764006   0.00496443  -0.00763488   0.00496003  -0.00763455    0.0049597   -0.0076328   0.00495946  -0.00763315     0.004959  -0.00763259   0.00496011  -0.00763178   0.00496179   -0.0076323   0.00495934  -0.00763359   0.00496353  -0.00763409   0.00496586  -0.00762894   0.00495197  -0.00773042   0.00504506  -0.00776888   0.00506361  -0.00763298   0.00495543  -0.00763082   0.00495893  -0.00763173   0.00495996  -0.00763156   0.00495764  -0.00762998   0.00496147  -0.00763104   0.00496232  -0.00763092   0.00496238  -0.00763036   0.00496275  -0.00763057   0.00496138  -0.00763177    0.0049582  -0.00763089   0.00495365  -0.00763117   0.00495393  -0.00763251   0.00495461  -0.00763185   0.00495474  -0.00763119   0.00495586  -0.00763035   0.00495912  -0.00763002   0.00496083  -0.00766779   0.00500419  -0.00763297   0.00495913   -0.0076297   0.00496153  -0.00762969   0.00496153  -0.00762969   0.00496153  -0.00762971   0.00496152
   0.0150392  -0.00762134 -3.69213e-08    0.0149473  -0.00763193    0.0150917  -0.00770048    0.0151102  -0.00768415    0.0151429  -0.00769736    0.0153344  -0.00777687    0.0153361  -0.00780709    0.0160059   -0.0080545    0.0156285  -0.00796898    0.0156032  -0.00796647    0.0155857  -0.00796508    0.0155607    -0.007949    0.0155468  -0.00794027    0.0155536  -0.00794336    0.0155115  -0.00793677    0.0154898  -0.00794503    0.0154833  -0.00794549    0.0154749  -0.00791905    0.0154232  -0.00786239    0.0153592  -0.00781774    0.0153193  -0.00777064    0.0150653  -0.00763723    0.0150479  -0.00762338    0.0150457   -0.0076221    0.0150381  -0.00762575    0.0150386   -0.0076255    0.0150375  -0.00762786    0.0150389  -0.00762807    0.0150351  -0.00762703    0.0150415  -0.00763484    0.0150483  -0.00763949    0.0150034  -0.00763642    0.0152089  -0.00772883    0.0154932  -0.00794144    0.0150368  -0.00762312    0.0150317  -0.00762622    0.0150363  -0.00762556    0.0150336  -0.00762494    0.0150352  -0.00762228    0.0150398   -0.0076217    0.0150398  -0.00762169    0.0150394  -0.00762158    0.0150382  -0.00762087    0.0150283  -0.00762765    0.0150135  -0.00763082    0.0150211  -0.00762892    0.0150304  -0.00762485    0.0150264  -0.00762731    0.0150288  -0.00762623    0.0150328  -0.00762353    0.0150347  -0.00762199    0.0151053  -0.00769006    0.0150383  -0.00762559    0.0150333  -0.00761925    0.0150332  -0.00761926    0.0150332  -0.00761925    0.0150333  -0.00761924
 -0.00764134    0.0049734  9.95916e-09  -0.00762707   0.00495231  -0.00765322    0.0050139  -0.00764762   0.00498335  -0.00770763   0.00500395  -0.00777258   0.00506134  -0.00781581   0.00509076   -0.0080545   0.00537917   -0.0079982   0.00521559  -0.00800289   0.00523604  -0.00800221   0.00523385  -0.00798851   0.00520638  -0.00797417   0.00521123  -0.00798084   0.00521234   -0.0079507    0.0052081  -0.00794153   0.00520961  -0.00793902   0.00520705  -0.00793326   0.00518163  -0.00789643    0.0051391  -0.00785339   0.00510794  -0.00782647   0.00507608   -0.0076581   0.00498566  -0.00764714   0.00497593  -0.00764582   0.00497478  -0.00764197   0.00497343  -0.00764267   0.00497263  -0.00764194   0.00497387  -0.00763951   0.00497627  -0.00764179   0.00497261  -0.00764101   0.00497615  -0.00763542   0.00497406  -0.00763819   0.00496003  -0.00770917   0.00502962  -0.00794218    0.0052097  -0.00764274   0.00496584  -0.00764157   0.00496927  -0.00764272   0.00497079   -0.0076424   0.00496763  -0.00764081   0.00497182  -0.00764208     0.004973  -0.00764193   0.00497307   -0.0076414   0.00497347  -0.00764141   0.00497181  -0.00764239   0.00497062  -0.00764117   0.00496225  -0.00764206   0.00496241   -0.0076443   0.00496381  -0.00764279   0.00496373  -0.00764195   0.00496529  -0.00764112    0.0049692  -0.00764083   0.00497107  -0.00765572   0.00500147   -0.0076423   0.00497287   -0.0076402   0.00497195   -0.0076402   0.00497195   -0.0076402   0.00497194  -0.00764021   0.00497194
   0.0150391  -0.00764042 -4.16471e-08    0.0149463   -0.0076454    0.0150725  -0.00770888    0.0150907   -0.0076937    0.0151364  -0.00770629    0.0152911  -0.00778127    0.0153111  -0.00781646    0.0156285   -0.0079982    0.0161557   -0.0081796    0.0157405  -0.00805095    0.0157329   -0.0080583     0.015711  -0.00805352     0.015689  -0.00803377    0.0156971  -0.00803949    0.0156428  -0.00802943    0.0156144  -0.00804111    0.0156061   -0.0080421    0.0155953  -0.00800995    0.0155304  -0.00793924    0.0154492  -0.00788301    0.0153989  -0.00782344    0.0150771  -0.00765468     0.015055  -0.00763739    0.0150513  -0.00763556    0.0150399  -0.00764234    0.0150413   -0.0076413    0.0150399  -0.00764418    0.0150386  -0.00764612    0.0150369   -0.0076434    0.0150418  -0.00765245    0.0150425  -0.00765404    0.0150042  -0.00765069    0.0151794  -0.00773479    0.0156193  -0.00803566    0.0150388  -0.00763862    0.0150329   -0.0076432    0.0150374  -0.00764299    0.0150349  -0.00764161    0.0150357  -0.00764062    0.0150401  -0.00764062    0.0150401  -0.00764063    0.0150394  -0.00764069    0.0150384  -0.00763947    0.0150309  -0.00764317    0.0150154  -0.00764533    0.0150233  -0.00764348    0.0150342  -0.00763884    0.0150289  -0.00764214    0.0150305  -0.00764193    0.0150338  -0.00764082    0.0150353  -0.00764011    0.0150881  -0.00769886    0.0150406  -0.00764178    0.0150335  -0.00763807    0.0150335  -0.00763808    0.0150335  -0.00763806    0.0150335  -0.00763807
 -0.00765521   0.00496579 -1.76097e-09  -0.00763559    0.0049446  -0.00765656   0.00499696  -0.00765395   0.00496946  -0.00770169   0.00498965    -0.007767   0.00504092   -0.0078148   0.00507375  -0.00796898   0.00521559   -0.0081796   0.00553117  -0.00805872   0.00527121  -0.00806927   0.00527648  -0.00807904   0.00529027  -0.00806215   0.00526577  -0.00806589   0.00527352  -0.00803846   0.00526202  -0.00802683   0.00526391  -0.00802394   0.00525997  -0.00801684   0.00522771   -0.0079708   0.00517428  -0.00791722   0.00513542  -0.00788368   0.00509589  -0.00767453   0.00498338  -0.00766102   0.00497118  -0.00765947   0.00496976   -0.0076549   0.00496751  -0.00765565   0.00496659  -0.00765489   0.00496794  -0.00765241   0.00497023  -0.00765471   0.00496651  -0.00765351   0.00496953  -0.00764623   0.00496634  -0.00765005   0.00495255  -0.00770937   0.00501275  -0.00802762   0.00526364  -0.00765587   0.00495853  -0.00765474    0.0049622  -0.00765613   0.00496382  -0.00765572   0.00496034  -0.00765398   0.00496471  -0.00765571   0.00496542   -0.0076556    0.0049655  -0.00765519   0.00496578  -0.00765499   0.00496432  -0.00765547   0.00496424  -0.00765371   0.00495451  -0.00765504   0.00495461  -0.00765788   0.00495615  -0.00765598   0.00495608  -0.00765504   0.00495782  -0.00765429   0.00496196    -0.007654   0.00496395  -0.00766079   0.00498692  -0.00765521   0.00496684  -0.00765357   0.00496436  -0.00765356   0.00496436  -0.00765357   0.00496435  -0.00765358   0.00496436
   0.0150519  -0.00763805 -4.18936e-08    0.0149538  -0.00764148    0.0150711  -0.00769716    0.0150913   -0.0076843    0.0151238  -0.00769507    0.0152737  -0.00776603     0.015288  -0.00779797    0.0156032  -0.00800289    0.0157405  -0.00805872    0.0159906  -0.00814667    0.0158725  -0.00813076    0.0158368  -0.00810826     0.015813  -0.00810231    0.0158281   -0.0081053     0.015759  -0.00809733     0.015727  -0.00811035    0.0157173  -0.00811144    0.0157049  -0.00807299    0.0156284  -0.00798933    0.0155332  -0.00792317     0.015474  -0.00785318    0.0150967  -0.00765499    0.0150709  -0.00763476    0.0150662  -0.00763241    0.0150527  -0.00764014    0.0150542  -0.00763902    0.0150526  -0.00764214    0.0150503  -0.00764478    0.0150497  -0.00764119    0.0150538  -0.00765082    0.0150507   -0.0076507    0.0150151  -0.00764722    0.0151719  -0.00772212    0.0157325   -0.0081045    0.0150518  -0.00763533    0.0150456  -0.00764054    0.0150502  -0.00764054    0.0150477  -0.00763866    0.0150482  -0.00763819    0.0150527  -0.00763823    0.0150527  -0.00763827    0.0150521  -0.00763832    0.0150511    -0.007637    0.0150441  -0.00764053    0.0150276  -0.00764169    0.0150359  -0.00763966     0.015048  -0.00763477    0.0150419  -0.00763847    0.0150433  -0.00763861    0.0150464  -0.00763813    0.0150479  -0.00763762    0.0150884  -0.00768826    0.0150533  -0.00763949    0.0150461  -0.00763556     0.015046  -0.00763557     0.015046  -0.00763556    0.0150461  -0.00763557
 -0.00765235   0.00497746 -7.78392e-09  -0.00763332   0.00495296  -0.00764669   0.00500364   -0.0076433   0.00497657  -0.00769717   0.00499595  -0.00774939   0.00504478  -0.00779628   0.00507273  -0.00796647   0.00523604  -0.00805095   0.00527121  -0.00814667   0.00540321  -0.00812848   0.00535025  -0.00812949   0.00531858  -0.00811833   0.00532997  -0.00812264   0.00533135   -0.0080893   0.00532505  -0.00807762   0.00532529  -0.00807451   0.00532058  -0.00806626   0.00528183  -0.00801301    0.0052196  -0.00795138   0.00517468  -0.00791281   0.00512918  -0.00767305   0.00499971  -0.00765765   0.00498561  -0.00765608   0.00498382  -0.00765139   0.00498009  -0.00765218   0.00497909  -0.00765144   0.00498025  -0.00764879   0.00498265  -0.00765152   0.00497862  -0.00764946   0.00498083  -0.00764022   0.00497568  -0.00764778    0.0049615  -0.00769561   0.00501837  -0.00807792   0.00532669  -0.00765269   0.00496937  -0.00765208   0.00497319  -0.00765346   0.00497513  -0.00765307   0.00497108  -0.00765113    0.0049761  -0.00765291   0.00497702  -0.00765277   0.00497708   -0.0076523   0.00497741  -0.00765205   0.00497576  -0.00765277   0.00497603  -0.00765152   0.00496414  -0.00765278   0.00496421  -0.00765558   0.00496651  -0.00765355   0.00496607  -0.00765245   0.00496812  -0.00765151   0.00497295  -0.00765114   0.00497521  -0.00765083   0.00499452  -0.00765175   0.00497934  -0.00765057   0.00497578  -0.00765055   0.00497578  -0.00765055   0.00497578  -0.00765057   0.00497579
   0.0150525  -0.00764247  -5.0552e-08    0.0149536   -0.0076448    0.0150661  -0.00769955    0.0150862  -0.00768698    0.0151212  -0.00769725    0.0152636  -0.00776691     0.015279  -0.00779743    0.0155857  -0.00800221    0.0157329  -0.00806927    0.0158725  -0.00812848    0.0160911  -0.00826281    0.0158926  -0.00812636    0.0158576  -0.00811557    0.0158762  -0.00811937    0.0157984  -0.00811094    0.0157633  -0.00812656    0.0157528  -0.00812869    0.0157397  -0.00809105    0.0156603  -0.00800513    0.0155608  -0.00793633    0.0154989  -0.00786301    0.0151027  -0.00765581    0.0150755  -0.00763483      0.01507  -0.00763238    0.0150545  -0.00764274    0.0150562  -0.00764144    0.0150546   -0.0076449     0.015051  -0.00764849    0.0150512  -0.00764403     0.015055  -0.00765496    0.0150497  -0.00765431    0.0150158  -0.00765065    0.0151644  -0.00772376    0.0157702  -0.00811893    0.0150535  -0.00763852    0.0150466  -0.00764447     0.015051  -0.00764448    0.0150487  -0.00764243    0.0150491  -0.00764259    0.0150535  -0.00764271    0.0150534  -0.00764276    0.0150528   -0.0076428    0.0150517  -0.00764146    0.0150459   -0.0076431    0.0150288  -0.00764505    0.0150372  -0.00764298    0.0150501  -0.00763738    0.0150433   -0.0076417    0.0150445  -0.00764212    0.0150473  -0.00764219    0.0150487  -0.00764199    0.0150839  -0.00769081    0.0150552    -0.007642    0.0150468  -0.00764008    0.0150468  -0.00764009    0.0150468  -0.00764007    0.0150468  -0.00764008
 -0.00765209    0.0049779 -1.51593e-09  -0.00763295    0.0049536  -0.00764599   0.00500478  -0.00764234   0.00497769  -0.00769738   0.00499694  -0.00774765   0.00504592  -0.00779565   0.00507354  -0.00796508   0.00523385   -0.0080583   0.00527648  -0.00813076   0.00535025  -0.00826281   0.00559808  -0.00814115   0.00531519   -0.0081246   0.00532137  -0.00813118   0.00532342  -0.00809418   0.00531705  -0.00808112    0.0053189  -0.00807757   0.00531504   -0.0080693   0.00527839  -0.00801654   0.00521723  -0.00795477   0.00517255  -0.00791617   0.00512697  -0.00767508   0.00499738   -0.0076595   0.00498337  -0.00765738   0.00498158  -0.00765178   0.00497961  -0.00765266   0.00497853  -0.00765188   0.00497989  -0.00764854   0.00498272  -0.00765175   0.00497834  -0.00764965   0.00498148  -0.00763969   0.00497641  -0.00764744   0.00496209  -0.00769426   0.00501949  -0.00808201   0.00531933  -0.00765297   0.00496952  -0.00765197   0.00497357  -0.00765329   0.00497544  -0.00765297   0.00497152  -0.00765088   0.00497666  -0.00765269    0.0049775  -0.00765258   0.00497758  -0.00765208   0.00497789  -0.00765187    0.0049763  -0.00765307   0.00497567  -0.00765147   0.00496457  -0.00765277    0.0049647  -0.00765594   0.00496643  -0.00765366    0.0049664  -0.00765243   0.00496854  -0.00765138   0.00497342  -0.00765094   0.00497577  -0.00764989   0.00499594  -0.00765213   0.00497882  -0.00765044   0.00497632  -0.00765043   0.00497632  -0.00765044   0.00497632  -0.00765044   0.00497631
   0.0150553  -0.00764602 -4.77411e-08    0.0149549  -0.00764674    0.0150621  -0.00769788    0.0150828  -0.00768625    0.0151161  -0.00769607    0.0152535  -0.00776317    0.0152684  -0.00779271    0.0155607  -0.00798851     0.015711  -0.00807904    0.0158368  -0.00812949    0.0158926  -0.00814115    0.0160855  -0.00822535    0.0159065  -0.00815707    0.0159397  -0.00818211    0.0158501  -0.00815439    0.0158147  -0.00817239    0.0158038  -0.00817268    0.0157899  -0.00813045    0.0157042  -0.00803693    0.0155974  -0.00796289     0.015531  -0.00788435    0.0151076  -0.00766239    0.0150787  -0.00763979    0.0150731   -0.0076371     0.015057   -0.0076468    0.0150588  -0.00764542    0.0150571  -0.00764886    0.0150533  -0.00765247    0.0150539  -0.00764785    0.0150572  -0.00765838    0.0150504  -0.00765657    0.0150184  -0.00765293    0.0151577  -0.00772143    0.0158195    -0.008163    0.0150562  -0.00764152    0.0150495  -0.00764772    0.0150539  -0.00764796    0.0150517  -0.00764552    0.0150518  -0.00764607    0.0150562  -0.00764622    0.0150561  -0.00764625    0.0150556  -0.00764633    0.0150545  -0.00764489    0.0150488  -0.00764672    0.0150318  -0.00764743    0.0150403  -0.00764535    0.0150534  -0.00764002    0.0150464  -0.00764429    0.0150474  -0.00764496    0.0150501  -0.00764543    0.0150515  -0.00764541    0.0150807  -0.00768959    0.0150578  -0.00764603    0.0150496  -0.00764355    0.0150496  -0.00764356    0.0150496  -0.00764354    0.0150496  -0.00764356
 -0.00766109   0.00497165 -7.74296e-09   -0.0076387    0.0049474  -0.00764972   0.00499361  -0.00764797   0.00496793  -0.00769161   0.00498664  -0.00774915   0.00503389  -0.00779083   0.00506146    -0.007949   0.00520638  -0.00805352   0.00529027  -0.00810826   0.00531858  -0.00812636   0.00531519  -0.00822535   0.00546306  -0.00815954   0.00534657  -0.00818536   0.00538807  -0.00814003   0.00534423  -0.00812625   0.00534831  -0.00812285   0.00534206  -0.00811397   0.00530122  -0.00805592   0.00523392   -0.0079887   0.00518515  -0.00794667   0.00513553  -0.00768479   0.00499447  -0.00766791   0.00497923  -0.00766583   0.00497727  -0.00766012   0.00497441  -0.00766106    0.0049733  -0.00766028   0.00497466  -0.00765716   0.00497735  -0.00766017   0.00497297  -0.00765796   0.00497573  -0.00764745    0.0049702  -0.00765522   0.00495599  -0.00769729   0.00500818  -0.00812654    0.0053461  -0.00766144   0.00496346  -0.00766057   0.00496757  -0.00766209   0.00496949  -0.00766162   0.00496537  -0.00765962   0.00497049  -0.00766162   0.00497127  -0.00766149   0.00497134  -0.00766104   0.00497161  -0.00766071   0.00497002  -0.00766143   0.00497027  -0.00765953   0.00495837   -0.0076611   0.00495842  -0.00766452   0.00496033  -0.00766205   0.00496021  -0.00766094   0.00496238  -0.00766003   0.00496723  -0.00765963   0.00496953  -0.00765491   0.00498522  -0.00766051   0.00497362  -0.00765905   0.00496995  -0.00765903   0.00496995  -0.00765903   0.00496996  -0.00765905   0.00496996
