type_amount=2
type:tag=1
type:park=2
landmark_amount=55
39 1 0.221956 0.60163
23 1 -9.76461 5.8149
24 1 -5.88835 12.3582
19 1 -3.35673 2.51116
26 1 -12.1534 14.6651
22 1 -9.64122 6.28156
5 1 -17.5093 10.672
6 1 -16.1734 18.8732
8 1 -25.1758 15.4694
10 1 -21.3357 21.9808
11 1 -21.7309 21.8954
13 1 -30.2513 18.9221
12 1 -26.7152 25.3484
4 1 -31.3305 16.9128
14 1 -36.8507 5.31054
16 1 -32.7555 3.14375
3 1 -28.5179 0.204184
27 1 -20.6112 2.15483
1 1 -10.8949 -3.78047
2 1 -18.2574 -6.42382
32 1 1.42355 -8.80353
34 1 6.33495 -12.4932
29 1 3.44581 -19.0465
28 1 8.71372 2.29574
38 1 13.8699 -1.86579
35 1 4.39967 -2.64857
17 1 4.54823 4.70549
54 1 13.9998 -1.13383
18 1 3.81003 5.0235
20 1 -0.726889 8.59591
51 1 0.414583 0.249919
25 1 -6.3058 12.2813
30 1 -32.4308 14.8287
57 1 9.08647 2.39542
52 1 17.2899 4.03149
65 1 15.6271 12.5802
53 1 12.1793 7.06083
7 1 21.2077 9.52511
61 1 24.8546 15.7858
68 1 24.0841 14.6707
33 1 29.8739 21.9819
62 1 19.9656 20.5761
37 1 10.3959 -6.31712
36 1 5.80295 -2.99724
58 1 5.66839 -2.59786
59 1 1.26177 -8.93669
55 1 11.03 -6.2649
56 1 8.94059 2.81709
9 1 18.0317 3.8893
69 1 21.5572 10.0484
21 1 -0.854981 8.84466
458 1 3.67325 -7.90001
60 1 28.2164 18.2481
66 1 24.9076 25.8409
67 1 30.4099 22.9675
landmark_P=
   0.0222078  -0.00439967 -0.000703717    0.0150248  -0.00765205    0.0149847  -0.00761216     0.015027   -0.0076255     0.015003  -0.00761621    0.0150199  -0.00763079    0.0150077  -0.00762468    0.0150378  -0.00763709    0.0150404  -0.00765576    0.0150554  -0.00765345    0.0150556  -0.00765266    0.0150616  -0.00766498    0.0150701  -0.00765954    0.0150683  -0.00766192    0.0150844  -0.00765972    0.0150925  -0.00765441    0.0150955   -0.0076512    0.0150971  -0.00764839    0.0151048  -0.00765428    0.0151203  -0.00766428    0.0151284  -0.00767357    0.0151827  -0.00769932     0.015183   -0.0076996    0.0151917  -0.00770469    0.0151938  -0.00769696    0.0151952  -0.00769441    0.0151919  -0.00770222    0.0151759  -0.00771686     0.015194  -0.00769376     0.015177  -0.00770666     0.015119  -0.00767623    0.0151374  -0.00766578    0.0150127  -0.00761565     0.015092  -0.00765656    0.0152087  -0.00764719    0.0152888   -0.0075621    0.0153407   -0.0075444    0.0153079  -0.00755881    0.0153215  -0.00750019    0.0154496  -0.00744113     0.015452  -0.00743114    0.0154745  -0.00741488    0.0158256  -0.00775678    0.0151946   -0.0076868    0.0151658  -0.00765915     0.015194  -0.00764931    0.0151964  -0.00765505    0.0152039  -0.00764935    0.0152521  -0.00761447    0.0152949  -0.00751668    0.0153503  -0.00748221    0.0150232  -0.00762424    0.0151943  -0.00769484    0.0171803  -0.00807784    0.0171861   -0.0080748    0.0171838  -0.00807867
  -0.0043997    0.0119314 -0.000290262  -0.00767005   0.00498822  -0.00756445   0.00495278  -0.00758218   0.00494605  -0.00761967   0.00496302  -0.00759257   0.00495657  -0.00761433     0.004959  -0.00761321   0.00497204  -0.00763744   0.00496724  -0.00763747   0.00498009  -0.00764273    0.0049806  -0.00764859   0.00497516  -0.00764622   0.00498569  -0.00764592    0.0049816  -0.00764318   0.00498708  -0.00764035   0.00499077  -0.00763891   0.00499491  -0.00764019    0.0050072  -0.00764927   0.00501925  -0.00766094   0.00502931  -0.00766685   0.00503617  -0.00769858   0.00505536   -0.0077014    0.0050582  -0.00770306   0.00506108  -0.00770023   0.00507219    -0.007702   0.00507115  -0.00770579   0.00507088  -0.00769814   0.00506914  -0.00769977   0.00507613  -0.00769106    0.0050503  -0.00766112   0.00501725  -0.00770243   0.00500806  -0.00758504   0.00496254  -0.00764165    0.0049889  -0.00769299   0.00507224  -0.00756163   0.00527344  -0.00756407   0.00528879  -0.00758203   0.00522709  -0.00749846   0.00543174   -0.0075352   0.00535094  -0.00753768   0.00534911  -0.00753909   0.00533868   -0.0075521    0.0054118    -0.007692   0.00506679   -0.0077011   0.00502066  -0.00769357   0.00502698  -0.00770305   0.00503112  -0.00768885   0.00504709  -0.00763354   0.00511142  -0.00753004   0.00534972  -0.00748788   0.00549249  -0.00759057   0.00495958  -0.00770062   0.00507105  -0.00764541   0.00539575  -0.00764577   0.00539558  -0.00764562   0.00539581
-0.000703717 -0.000290262  0.000217595  1.02952e-07 -7.77733e-08 -2.15247e-07  1.09055e-07 -2.41525e-07  1.30274e-07 -1.41872e-07  1.26123e-07  -1.6853e-07  8.19526e-08 -1.91289e-07  8.36565e-08 -2.19897e-07  7.91379e-08 -1.97253e-07  1.15611e-07 -2.18778e-07   1.1159e-07 -2.10147e-07   1.1756e-07 -2.30475e-07  1.31805e-07 -2.31532e-07  1.49674e-07 -2.32206e-07  1.34653e-07 -2.15331e-07  1.55756e-07 -1.85311e-07  1.64726e-07 -1.85475e-07  1.79305e-07 -1.92694e-07  2.32618e-07 -2.11457e-07  2.71295e-07 -2.32022e-07  2.80243e-07 -2.48301e-07  3.06421e-07 -2.37079e-07   3.8215e-07 -2.08913e-07  3.06507e-07 -7.75671e-07  5.97338e-07  -7.6181e-07  3.72554e-07 -7.73582e-07  2.76292e-07 -7.57354e-07  3.95327e-07 -8.59185e-07  9.46032e-07 -5.41146e-07  2.85991e-07  -5.9482e-07  3.48426e-07 -2.81555e-07  6.58771e-08  1.80234e-07 -9.98616e-08 -1.59438e-07  1.32534e-07  -1.9679e-07  1.62381e-07 -8.16944e-07 -4.83891e-07  2.80828e-06  1.61953e-06  -3.0063e-06  -1.3246e-06 -7.18999e-07 -9.13831e-07  7.73362e-06 -7.10062e-07  -1.4942e-05 -1.16519e-05 -1.53931e-05 -1.28146e-05 -1.78026e-05 -1.51455e-05 -5.48985e-05   2.3167e-05  1.53164e-07  4.11118e-07  1.56617e-07 -1.24863e-07  2.60615e-07 -9.20512e-08  1.24863e-07 -8.64036e-08  2.41559e-07 -2.24247e-07  5.86501e-07  3.05686e-08   6.0358e-06  7.15063e-07  5.81707e-06 -4.30463e-07 -2.34502e-07  9.07763e-08 -7.66903e-07  2.98335e-07 -0.000202132  5.73322e-05 -0.000202743   5.7014e-05 -0.000202498  5.74192e-05
   0.0150248  -0.00767005  1.02952e-07    0.0150905  -0.00764685    0.0149019  -0.00760565    0.0149319  -0.00761782    0.0149409   -0.0076093    0.0149278  -0.00762081    0.0149237  -0.00761645    0.0149344  -0.00762332    0.0149357  -0.00763434    0.0149441   -0.0076328     0.014944  -0.00763207    0.0149473  -0.00763967    0.0149524  -0.00763686    0.0149513  -0.00763799    0.0149606  -0.00763714    0.0149653  -0.00763446    0.0149669  -0.00763303     0.014968  -0.00763245    0.0149734   -0.0076369    0.0149836  -0.00764371    0.0149889   -0.0076498    0.0150234  -0.00766627    0.0150261  -0.00766795    0.0150256  -0.00766785    0.0150258  -0.00766604    0.0150269  -0.00766528    0.0150268  -0.00766477    0.0150206  -0.00766835     0.015028  -0.00766465    0.0150204  -0.00766142    0.0150002  -0.00765286    0.0150521  -0.00764721    0.0149256  -0.00760946     0.014965  -0.00763549    0.0150281  -0.00766278    0.0150296  -0.00766517    0.0150266  -0.00766623    0.0150285  -0.00766494    0.0150256  -0.00767016    0.0150231  -0.00767053     0.015023  -0.00767056    0.0150233  -0.00767059    0.0150237  -0.00767119    0.0150358   -0.0076621    0.0150475  -0.00765296    0.0150419  -0.00765435    0.0150365  -0.00765876    0.0150378  -0.00765698    0.0150337  -0.00766017    0.0150279  -0.00766813     0.015026   -0.0076701    0.0149326  -0.00760886    0.0150263  -0.00766574    0.0150262  -0.00767162    0.0150262  -0.00767162    0.0150262  -0.00767162
 -0.00765205   0.00498822 -7.77733e-08  -0.00764681   0.00500869  -0.00757815   0.00493058  -0.00759699   0.00492446  -0.00762724   0.00494666  -0.00761397   0.00494221  -0.00762807   0.00493848  -0.00763049   0.00494764  -0.00764597   0.00494175  -0.00764431   0.00495059  -0.00764763   0.00495121   -0.0076504   0.00494537  -0.00764754   0.00495224  -0.00764758   0.00494958   -0.0076428   0.00495291  -0.00763931   0.00495633  -0.00763781   0.00495953  -0.00763828   0.00496724  -0.00764182   0.00497316  -0.00764525   0.00497691  -0.00764694   0.00497879  -0.00765437   0.00498461  -0.00765452   0.00498576  -0.00765264    0.0049858  -0.00764965   0.00499132  -0.00765022   0.00499119  -0.00764999   0.00499114  -0.00764837   0.00499157  -0.00764953   0.00499193  -0.00764831   0.00499185   -0.0076431   0.00498814  -0.00764731   0.00500249  -0.00760333   0.00494128  -0.00764028   0.00495456  -0.00764938   0.00499589  -0.00765133   0.00499151  -0.00765057   0.00499051  -0.00765051   0.00499315  -0.00765282   0.00498795  -0.00765175   0.00498701  -0.00765185   0.00498701  -0.00765251   0.00498663  -0.00765211   0.00498778  -0.00764992    0.0049924  -0.00764744   0.00499988  -0.00764842   0.00499926  -0.00765019   0.00499607  -0.00764902   0.00499783  -0.00764997   0.00499606  -0.00765204   0.00499058  -0.00765278   0.00498857  -0.00759909   0.00494627  -0.00764988   0.00499137  -0.00765313   0.00498765  -0.00765314   0.00498765  -0.00765314   0.00498765
   0.0149847  -0.00756445 -2.15247e-07    0.0149019  -0.00757815    0.0152339  -0.00769658    0.0151513  -0.00767185    0.0150847  -0.00767634    0.0151388  -0.00767206    0.0151171  -0.00767959    0.0151056   -0.0076612    0.0150811  -0.00766008    0.0150758  -0.00764882    0.0150707  -0.00764845    0.0150636  -0.00765016    0.0150629  -0.00764305    0.0150636  -0.00764545    0.0150601  -0.00764205    0.0150591  -0.00764113    0.0150589  -0.00763929    0.0150573  -0.00763139    0.0150476   -0.0076202     0.015033  -0.00760886    0.0150256  -0.00760034     0.014981  -0.00757652    0.0149778  -0.00757339     0.014981  -0.00757362    0.0149844  -0.00756907    0.0149828  -0.00756987     0.014983  -0.00757043    0.0149936  -0.00756484    0.0149818  -0.00756997    0.0149932  -0.00757314    0.0150265  -0.00758793    0.0149526  -0.00758326    0.0151568  -0.00768382    0.0150583  -0.00764195    0.0149821   -0.0075687    0.0149788  -0.00756856    0.0149835  -0.00756799    0.0149809  -0.00756745    0.0149829  -0.00756456    0.0149873  -0.00756478    0.0149873  -0.00756476    0.0149865  -0.00756501    0.0149863  -0.00756322    0.0149712  -0.00757304    0.0149582  -0.00757803    0.0149646  -0.00757674    0.0149698  -0.00757431    0.0149698  -0.00757448    0.0149743  -0.00757164    0.0149805  -0.00756522    0.0149825  -0.00756404    0.0151552  -0.00767972    0.0149837  -0.00756935    0.0149821  -0.00756288    0.0149821  -0.00756288    0.0149821  -0.00756287
 -0.00761216   0.00495278  1.09055e-07  -0.00760565   0.00493058  -0.00769658   0.00508738  -0.00766802   0.00500728  -0.00770551   0.00502844  -0.00771313   0.00502568  -0.00773742   0.00504124  -0.00771708   0.00502666  -0.00772458   0.00500486  -0.00771132   0.00501083  -0.00771418    0.0050127  -0.00770984   0.00499804  -0.00770188   0.00500357  -0.00770387    0.0050024  -0.00769368   0.00500271  -0.00769199   0.00500289  -0.00769143   0.00500222  -0.00769007   0.00499691  -0.00768172   0.00498783  -0.00766848   0.00497789  -0.00766165   0.00497005   -0.0076205   0.00494843  -0.00761764   0.00494588  -0.00761785   0.00494576  -0.00761764    0.0049452  -0.00761758   0.00494505  -0.00761724   0.00494617  -0.00761775   0.00494668  -0.00761683   0.00494544   -0.0076193   0.00494919  -0.00762436   0.00495527  -0.00761296   0.00493798  -0.00771048   0.00504751  -0.00769126   0.00500337  -0.00761739   0.00494203  -0.00761283    0.0049487  -0.00761414   0.00494964  -0.00761407   0.00494652  -0.00761111   0.00495311  -0.00761269    0.0049544  -0.00761258   0.00495438  -0.00761156   0.00495496  -0.00761213    0.0049534  -0.00761545   0.00494464  -0.00761479   0.00493966  -0.00761486   0.00494014  -0.00761563   0.00494122  -0.00761551   0.00494105  -0.00761448   0.00494315  -0.00761202   0.00494988  -0.00761113   0.00495233  -0.00768665   0.00502275   -0.0076176   0.00494501  -0.00761054   0.00495345  -0.00761054   0.00495345  -0.00761054   0.00495345
    0.015027  -0.00758218 -2.41525e-07    0.0149319  -0.00759699    0.0151513  -0.00766802    0.0154126  -0.00776599    0.0151185  -0.00768774     0.015165  -0.00766679    0.0151362  -0.00766829    0.0151272  -0.00765298    0.0151027  -0.00765628    0.0150999  -0.00764415    0.0150945  -0.00764321    0.0150887  -0.00764796    0.0150896  -0.00763995    0.0150899  -0.00764248     0.015088  -0.00763925    0.0150867  -0.00763883    0.0150864  -0.00763757    0.0150852  -0.00763195    0.0150775  -0.00762347     0.015066  -0.00761461    0.0150601  -0.00760787    0.0150246  -0.00758919    0.0150219  -0.00758664    0.0150258  -0.00758727    0.0150294  -0.00758325    0.0150277   -0.0075841    0.0150281  -0.00758445     0.015041  -0.00757827    0.0150265  -0.00758424    0.0150408  -0.00758828    0.0150853  -0.00760552    0.0149898  -0.00760165    0.0152086  -0.00767988    0.0150862  -0.00763925    0.0150263  -0.00758408    0.0150206  -0.00758579    0.0150262  -0.00758518    0.0150233   -0.0075842     0.015025  -0.00758237    0.0150299  -0.00758338    0.0150298  -0.00758334    0.0150285  -0.00758389    0.0150285  -0.00758135    0.0150133  -0.00758824    0.0149975  -0.00759569    0.0150051  -0.00759416    0.0150114  -0.00759063    0.0150111  -0.00759132     0.015016   -0.0075884    0.0150225  -0.00758246    0.0150245  -0.00758166    0.0152621  -0.00770668    0.0150286  -0.00758353    0.0150234  -0.00758088    0.0150234  -0.00758089    0.0150234  -0.00758088
  -0.0076255   0.00494605  1.30274e-07  -0.00761782   0.00492446  -0.00767185   0.00500728  -0.00776599   0.00517418   -0.0077055   0.00500796  -0.00769337   0.00498291  -0.00770971   0.00499195  -0.00769712   0.00498712  -0.00770627   0.00497021  -0.00769643    0.0049769  -0.00769941   0.00497853  -0.00769695   0.00496633  -0.00769048   0.00497212  -0.00769189   0.00497065  -0.00768364   0.00497163  -0.00768185   0.00497234  -0.00768119   0.00497238   -0.0076803   0.00496989  -0.00767494   0.00496448  -0.00766606   0.00495806  -0.00766152   0.00495284  -0.00763343   0.00493849  -0.00763133   0.00493683  -0.00763168   0.00493699  -0.00763129   0.00493745  -0.00763119   0.00493732  -0.00763084   0.00493847  -0.00763141   0.00493913  -0.00763033    0.0049379  -0.00763324   0.00494227  -0.00763961   0.00494913  -0.00762553   0.00493149  -0.00769852   0.00500426   -0.0076815   0.00497239  -0.00763086   0.00493503  -0.00762592   0.00494186   -0.0076274   0.00494272  -0.00762727   0.00493968  -0.00762424   0.00494638  -0.00762622   0.00494725  -0.00762612   0.00494723  -0.00762505   0.00494771  -0.00762567   0.00494632  -0.00762862   0.00493718  -0.00762755   0.00493322  -0.00762771   0.00493373  -0.00762868   0.00493431  -0.00762852   0.00493443  -0.00762755   0.00493642  -0.00762512    0.0049431  -0.00762427   0.00494558  -0.00770371   0.00501714  -0.00763122   0.00493722  -0.00762415   0.00494636  -0.00762414   0.00494636  -0.00762415   0.00494635
    0.015003  -0.00761967 -1.41872e-07    0.0149409  -0.00762724    0.0150847  -0.00770551    0.0151185   -0.0077055    0.0158219  -0.00784213    0.0151696  -0.00773155    0.0152306  -0.00773004    0.0151761  -0.00772538     0.015163  -0.00771387    0.0151481  -0.00770867    0.0151452  -0.00770944    0.0151357  -0.00769971    0.0151293   -0.0076998    0.0151315  -0.00769984    0.0151196  -0.00769873    0.0151157  -0.00769982    0.0151144  -0.00769942    0.0151124  -0.00769305    0.0151005  -0.00768039    0.0150809  -0.00766606    0.0150709  -0.00765446    0.0150094  -0.00762272     0.015005   -0.0076191    0.0150062  -0.00761896    0.0150072  -0.00761768    0.0150058  -0.00761836    0.0150061  -0.00761884    0.0150129   -0.0076153    0.0150048  -0.00761871    0.0150131  -0.00762124    0.0150366  -0.00763134    0.0149805  -0.00763001    0.0151447  -0.00771348    0.0151153  -0.00769983     0.015005  -0.00761843    0.0149998  -0.00762119     0.015003  -0.00762087    0.0150015   -0.0076199    0.0150018   -0.0076198    0.0150046  -0.00762045    0.0150046  -0.00762043    0.0150038  -0.00762076    0.0150038  -0.00761927    0.0149965  -0.00762106    0.0149854  -0.00762599    0.0149907  -0.00762485    0.0149957   -0.0076222    0.0149947  -0.00762306    0.0149973  -0.00762175    0.0150006  -0.00761945    0.0150015  -0.00761934     0.015151  -0.00773062    0.0150066  -0.00761795     0.015001    -0.007619     0.015001  -0.00761901     0.015001    -0.007619
 -0.00761621   0.00496302  1.26123e-07   -0.0076093   0.00494666  -0.00767634   0.00502844  -0.00768774   0.00500796  -0.00784213   0.00519895  -0.00770986   0.00501629  -0.00773276   0.00502131  -0.00771391   0.00501472  -0.00772167   0.00499654  -0.00770942   0.00500254  -0.00771187   0.00500407  -0.00770841   0.00499067  -0.00770086   0.00499662  -0.00770268   0.00499491  -0.00769161    0.0049961  -0.00768815   0.00499794  -0.00768687   0.00499874  -0.00768569   0.00499725  -0.00767921   0.00499107  -0.00766779   0.00498308  -0.00766186   0.00497622  -0.00762467    0.0049576   -0.0076218   0.00495558  -0.00762121   0.00495562  -0.00761898   0.00495811   -0.0076195   0.00495754  -0.00761921   0.00495852   -0.0076192   0.00496001   -0.0076186   0.00495814  -0.00762081   0.00496289  -0.00762671    0.0049683  -0.00761375   0.00495318  -0.00770274   0.00502291    -0.007688    0.0049975  -0.00761905   0.00495602  -0.00761612   0.00496031  -0.00761714   0.00496092  -0.00761704   0.00495885  -0.00761498   0.00496322  -0.00761703   0.00496267  -0.00761701   0.00496266  -0.00761646   0.00496269  -0.00761677   0.00496237  -0.00761777   0.00495746   -0.0076167   0.00495454  -0.00761679   0.00495498  -0.00761801     0.004955  -0.00761758   0.00495553   -0.0076171   0.00495684  -0.00761562   0.00496111  -0.00761502   0.00496269  -0.00771467   0.00504732   -0.0076192   0.00495774   -0.0076164   0.00496242   -0.0076164   0.00496241   -0.0076164   0.00496242
   0.0150199  -0.00759257  -1.6853e-07    0.0149278  -0.00761397    0.0151388  -0.00771313     0.015165  -0.00769337    0.0151696  -0.00770986    0.0158181  -0.00791021    0.0153686  -0.00779756    0.0154155  -0.00781393    0.0153485   -0.0077941    0.0153242   -0.0077729    0.0153132  -0.00777205    0.0152944  -0.00776831    0.0152872  -0.00775648    0.0152898  -0.00775964    0.0152691   -0.0077546    0.0152576  -0.00775965    0.0152539  -0.00776032    0.0152497  -0.00775094    0.0152257  -0.00772645    0.0151846  -0.00769703    0.0151634  -0.00767235    0.0150311  -0.00760495    0.0150216  -0.00759757    0.0150207  -0.00759687    0.0150179  -0.00759987    0.0150171  -0.00760033    0.0150167  -0.00760193    0.0150225  -0.00759899    0.0150147  -0.00760145    0.0150238  -0.00760832    0.0150458  -0.00761838    0.0149819  -0.00761717     0.015352  -0.00775493    0.0152574  -0.00775786    0.0150158   -0.0076002    0.0150135  -0.00759831     0.015018  -0.00759745    0.0150153  -0.00759781    0.0150185  -0.00759258    0.0150223  -0.00759279    0.0150223  -0.00759276    0.0150218  -0.00759293    0.0150213  -0.00759143    0.0150056  -0.00760357    0.0149897  -0.00761099    0.0149974  -0.00760916     0.015006  -0.00760405    0.0150033  -0.00760646    0.0150083  -0.00760306    0.0150156  -0.00759433     0.015018  -0.00759231     0.015149  -0.00769621    0.0150175      -0.0076    0.0150173    -0.007591    0.0150173    -0.007591    0.0150173  -0.00759099
 -0.00763079   0.00495657  8.19526e-08  -0.00762081   0.00494221  -0.00767206   0.00502568  -0.00766679   0.00498291  -0.00773155   0.00501629  -0.00791021   0.00533394  -0.00781507    0.0050841  -0.00781238   0.00508695  -0.00781084    0.0050578  -0.00779305   0.00506086  -0.00779436   0.00506296  -0.00778627   0.00504607  -0.00777608      0.00505  -0.00777874   0.00504922  -0.00776384   0.00504873  -0.00776018   0.00504954  -0.00775905   0.00504874  -0.00775674   0.00504057  -0.00774298   0.00502582  -0.00772076   0.00500929  -0.00770929   0.00499599  -0.00763961   0.00495952  -0.00763486   0.00495541  -0.00763407   0.00495481  -0.00763257   0.00495495  -0.00763283   0.00495462  -0.00763234   0.00495574  -0.00763163   0.00495676  -0.00763197    0.0049549  -0.00763313   0.00495855  -0.00763403   0.00496133   -0.0076281   0.00494817  -0.00773679   0.00504823  -0.00775921   0.00504988  -0.00763276   0.00495136  -0.00763061   0.00495479   -0.0076317   0.00495542  -0.00763151   0.00495338  -0.00763003   0.00495674  -0.00763134   0.00495726  -0.00763129   0.00495726  -0.00763076   0.00495751    -0.007631   0.00495664   -0.0076314   0.00495401  -0.00763017   0.00494946   -0.0076307   0.00494972  -0.00763217   0.00495035  -0.00763147   0.00495042  -0.00763123    0.0049516  -0.00763029   0.00495503  -0.00762997   0.00495629   -0.0076751   0.00500333   -0.0076327    0.0049547  -0.00762989   0.00495671  -0.00762989   0.00495671  -0.00762989   0.00495671
   0.0150077  -0.00761433 -1.91289e-07    0.0149237  -0.00762807    0.0151171  -0.00773742    0.0151362  -0.00770971    0.0152306  -0.00773276    0.0153686  -0.00781507    0.0160719   -0.0079316     0.015401  -0.00785272    0.0153647  -0.00784424    0.0153359  -0.00782358    0.0153259  -0.00782383    0.0153067  -0.00781207    0.0152954  -0.00780488    0.0152994  -0.00780708    0.0152754  -0.00780253    0.0152658  -0.00780577    0.0152628  -0.00780476    0.0152581  -0.00779043    0.0152309  -0.00776153    0.0151858  -0.00772853    0.0151627  -0.00770161    0.0150198  -0.00762768    0.0150101  -0.00761941    0.0150094  -0.00761839    0.0150076  -0.00761869    0.0150067  -0.00761913    0.0150066  -0.00762035    0.0150126    -0.007617    0.0150049  -0.00761977     0.015013  -0.00762428    0.0150326   -0.0076327    0.0149749  -0.00763156    0.0152863  -0.00777451    0.0152647  -0.00780515    0.0150058  -0.00761754    0.0150023  -0.00761804    0.0150067  -0.00761758    0.0150043  -0.00761687    0.0150061  -0.00761444    0.0150102  -0.00761435    0.0150101  -0.00761431    0.0150095  -0.00761442    0.0150092  -0.00761302    0.0149963  -0.00762175    0.0149821  -0.00762622    0.0149891   -0.0076246    0.0149969  -0.00762087    0.0149945  -0.00762254    0.0149983  -0.00762032    0.0150039  -0.00761497    0.0150057  -0.00761396    0.0151306  -0.00771443    0.0150073  -0.00761888    0.0150054  -0.00761259    0.0150054   -0.0076126    0.0150054  -0.00761259
 -0.00762468     0.004959  8.36565e-08  -0.00761645   0.00493848  -0.00767959   0.00504124  -0.00766829   0.00499195  -0.00773004   0.00502131  -0.00779756    0.0050841  -0.00793161    0.0052307  -0.00783949   0.00511475  -0.00784767   0.00509294   -0.0078267   0.00509035  -0.00782607   0.00509204  -0.00781645   0.00507495  -0.00780532   0.00507687  -0.00780844   0.00507693  -0.00779138   0.00507521  -0.00778708   0.00507602  -0.00778591   0.00507463  -0.00778296   0.00506373  -0.00776552   0.00504479  -0.00773775   0.00502403  -0.00772337   0.00500739  -0.00763641   0.00496161  -0.00763052   0.00495642  -0.00762963   0.00495566  -0.00762797   0.00495537  -0.00762835   0.00495488  -0.00762779   0.00495606  -0.00762668   0.00495768   -0.0076275   0.00495516  -0.00762847   0.00495895  -0.00762972   0.00496143  -0.00762369   0.00494576  -0.00775177   0.00506313  -0.00778599   0.00507644  -0.00762829   0.00495062  -0.00762517   0.00495596  -0.00762634   0.00495691  -0.00762623   0.00495396  -0.00762387   0.00495929  -0.00762501   0.00496077  -0.00762491   0.00496077  -0.00762412   0.00496133  -0.00762452   0.00495978  -0.00762701   0.00495396  -0.00762605   0.00494768  -0.00762649     0.004948  -0.00762787   0.00494926  -0.00762719   0.00494908  -0.00762635   0.00495102  -0.00762451   0.00495661  -0.00762389   0.00495862  -0.00767808   0.00501183  -0.00762816   0.00495504  -0.00762301   0.00495988    -0.007623   0.00495988    -0.007623   0.00495988
   0.0150378  -0.00761321 -2.19897e-07    0.0149344  -0.00763049    0.0151056  -0.00771708    0.0151272  -0.00769712    0.0151761  -0.00771391    0.0154155  -0.00781238     0.015401  -0.00783949    0.0163041  -0.00818795    0.0157642  -0.00803864    0.0157103  -0.00803078    0.0156978  -0.00803307    0.0156516   -0.0079983    0.0156277  -0.00798709    0.0156364  -0.00799044    0.0155845  -0.00798264    0.0155633  -0.00799078    0.0155566  -0.00799042    0.0155472  -0.00796455    0.0154929  -0.00790772    0.0154023  -0.00784183    0.0153553  -0.00778747    0.0150665  -0.00763811    0.0150466  -0.00762181    0.0150416  -0.00761926    0.0150333  -0.00762487    0.0150339  -0.00762456    0.0150325  -0.00762736    0.0150335  -0.00762714    0.0150301  -0.00762609     0.015036  -0.00763526    0.0150439  -0.00763845    0.0149949   -0.0076354    0.0152431  -0.00774799    0.0155613  -0.00798881    0.0150324  -0.00762079    0.0150308  -0.00761924    0.0150359   -0.0076187     0.015033  -0.00761803    0.0150359  -0.00761324    0.0150412   -0.0076121    0.0150412  -0.00761208     0.015041  -0.00761187    0.0150399  -0.00761093    0.0150232  -0.00762658    0.0150052  -0.00762969    0.0150143   -0.0076274     0.015026  -0.00762212    0.0150208  -0.00762531    0.0150255  -0.00762265    0.0150329   -0.0076148    0.0150354  -0.00761288    0.0151181   -0.0077043    0.0150335  -0.00762469    0.0150359  -0.00761029    0.0150358   -0.0076103    0.0150358  -0.00761029
 -0.00763709   0.00497204  7.91379e-08  -0.00762332   0.00494764   -0.0076612   0.00502666  -0.00765298   0.00498712  -0.00772538   0.00501472  -0.00781393   0.00508695  -0.00785272   0.00511475  -0.00818795   0.00552139  -0.00807706   0.00526904  -0.00806995   0.00528178  -0.00807384   0.00528582  -0.00804419   0.00524196  -0.00802122   0.00524533  -0.00802933   0.00524596  -0.00799314   0.00524149  -0.00798531   0.00524222  -0.00798294   0.00523856  -0.00797656   0.00521281  -0.00793814   0.00517027  -0.00787743    0.0051246  -0.00784608   0.00508828   -0.0076569   0.00498795  -0.00764446   0.00497662   -0.0076419   0.00497443  -0.00763846   0.00497284  -0.00763913   0.00497198  -0.00763842   0.00497328  -0.00763541   0.00497592  -0.00763828   0.00497186  -0.00763704   0.00497507  -0.00763116    0.0049725  -0.00763426   0.00495612  -0.00772667    0.0050436  -0.00798243   0.00524363  -0.00763965   0.00496383  -0.00763744   0.00496923  -0.00763896   0.00497067  -0.00763871   0.00496678  -0.00763633   0.00497236  -0.00763752    0.0049745   -0.0076374   0.00497451  -0.00763664   0.00497516  -0.00763678   0.00497319  -0.00763911   0.00496983  -0.00763765   0.00495877  -0.00763892   0.00495883  -0.00764146    0.0049611  -0.00763964   0.00496062  -0.00763868   0.00496315  -0.00763685   0.00496951  -0.00763634   0.00497163  -0.00766117   0.00501022  -0.00763878   0.00497225  -0.00763454   0.00497324  -0.00763453   0.00497324  -0.00763453   0.00497323
   0.0150404  -0.00763744 -1.97253e-07    0.0149357  -0.00764597    0.0150811  -0.00772458    0.0151027  -0.00770627     0.015163  -0.00772167    0.0153485  -0.00781084    0.0153647  -0.00784767    0.0157642  -0.00807706     0.016328  -0.00827243    0.0159255  -0.00815992    0.0159081   -0.0081647    0.0158673  -0.00814473    0.0158354  -0.00812368    0.0158453  -0.00812992    0.0157777  -0.00811794    0.0157487  -0.00812956    0.0157398  -0.00812922    0.0157271  -0.00809553    0.0156551  -0.00802024    0.0155341  -0.00793261    0.0154716  -0.00786011    0.0150861    -0.007661    0.0150597  -0.00763943     0.015052  -0.00763577    0.0150393  -0.00764513    0.0150408  -0.00764401    0.0150391  -0.00764751    0.0150368  -0.00764932    0.0150361   -0.0076462    0.0150402  -0.00765684    0.0150398  -0.00765599     0.014999  -0.00765204    0.0152051   -0.0077529    0.0157465  -0.00812637    0.0150388  -0.00763922    0.0150349  -0.00764143    0.0150399  -0.00764132    0.0150374  -0.00763922    0.0150388  -0.00763762    0.0150435  -0.00763758    0.0150435  -0.00763757    0.0150429  -0.00763763    0.0150421  -0.00763603    0.0150302  -0.00764559     0.015011  -0.00764663    0.0150206  -0.00764431    0.0150348  -0.00763842    0.0150274  -0.00764273     0.015031  -0.00764161    0.0150366  -0.00763773    0.0150383  -0.00763699    0.0150965  -0.00771348      0.01504  -0.00764451    0.0150374  -0.00763541    0.0150374  -0.00763542    0.0150374  -0.00763541
 -0.00765576   0.00496724  1.15611e-07  -0.00763434   0.00494175  -0.00766008   0.00500486  -0.00765628   0.00497021  -0.00771387   0.00499654   -0.0077941    0.0050578  -0.00784424   0.00509293  -0.00803864   0.00526904  -0.00827243   0.00560205  -0.00816534   0.00535236  -0.00817373   0.00535495   -0.0081824   0.00536438  -0.00816159   0.00533842  -0.00816814   0.00534818  -0.00813233    0.0053336  -0.00812119   0.00533455  -0.00811834   0.00532879  -0.00810978   0.00529353  -0.00805809   0.00523593  -0.00797649   0.00517447  -0.00793437   0.00512579  -0.00768067   0.00499106  -0.00766411   0.00497576   -0.0076608   0.00497274  -0.00765636   0.00497004  -0.00765717   0.00496903   -0.0076564   0.00497043  -0.00765326   0.00497286  -0.00765622   0.00496873  -0.00765419   0.00497116  -0.00764511   0.00496642  -0.00765056   0.00495065  -0.00772031   0.00502209  -0.00811775   0.00533596  -0.00765793   0.00495883  -0.00765572   0.00496463  -0.00765767   0.00496615  -0.00765725   0.00496171  -0.00765466   0.00496758  -0.00765673   0.00496874  -0.00765666   0.00496877  -0.00765617   0.00496916  -0.00765596   0.00496753   -0.0076572   0.00496641   -0.0076548   0.00495303  -0.00765673   0.00495298  -0.00766046   0.00495558  -0.00765778   0.00495497  -0.00765682   0.00495784  -0.00765516   0.00496457  -0.00765465   0.00496677  -0.00766309   0.00499262  -0.00765672   0.00496933  -0.00765364   0.00496747  -0.00765363   0.00496747  -0.00765364   0.00496746
   0.0150554  -0.00763747 -2.18778e-07    0.0149441  -0.00764431    0.0150758  -0.00771132    0.0150999  -0.00769643    0.0151481  -0.00770942    0.0153242  -0.00779305    0.0153359   -0.0078267    0.0157103  -0.00806995    0.0159255  -0.00816534     0.016287   -0.0083092    0.0161117  -0.00827707    0.0160389  -0.00822241    0.0159962  -0.00821655    0.0160148  -0.00821851    0.0159263  -0.00820963    0.0158935  -0.00822251     0.015883  -0.00822193    0.0158683  -0.00818104    0.0157825   -0.0080912    0.0156395   -0.0079872    0.0155654  -0.00790133    0.0151097  -0.00766553    0.0150786  -0.00764003    0.0150692   -0.0076355    0.0150541   -0.0076461    0.0150559  -0.00764482     0.015054  -0.00764862    0.0150503  -0.00765122    0.0150509  -0.00764706    0.0150541  -0.00765849    0.0150488  -0.00765512    0.0150117  -0.00765097    0.0151923  -0.00773855    0.0158903  -0.00821936    0.0150541   -0.0076385    0.0150498   -0.0076414    0.0150551  -0.00764148    0.0150525  -0.00763882    0.0150536  -0.00763766    0.0150586   -0.0076376    0.0150586  -0.00763761    0.0150582  -0.00763764    0.0150572  -0.00763598    0.0150455  -0.00764594    0.0150251  -0.00764546    0.0150352  -0.00764292    0.0150511  -0.00763673    0.0150425  -0.00764149     0.015046  -0.00764076    0.0150515   -0.0076376    0.0150532  -0.00763699     0.015093   -0.0077034    0.0150549  -0.00764535    0.0150522  -0.00763531    0.0150522  -0.00763532    0.0150522  -0.00763531
 -0.00765345   0.00498009   1.1159e-07   -0.0076328   0.00495059  -0.00764882   0.00501083  -0.00764415    0.0049769  -0.00770867   0.00500254   -0.0077729   0.00506086  -0.00782358   0.00509035  -0.00803078   0.00528178  -0.00815992   0.00535236   -0.0083092   0.00554868   -0.0082699   0.00546692  -0.00825702   0.00540461  -0.00823568   0.00541509  -0.00824554   0.00541555  -0.00819749   0.00540841  -0.00818654   0.00540752  -0.00818348   0.00540072  -0.00817356    0.0053586  -0.00811388   0.00529156   -0.0080199   0.00522056  -0.00797152   0.00516456  -0.00768066   0.00500961  -0.00766178   0.00499195  -0.00765827    0.0049883  -0.00765377   0.00498389  -0.00765465   0.00498276  -0.00765393     0.004984  -0.00765044   0.00498662  -0.00765391   0.00498206  -0.00765098   0.00498343  -0.00763936   0.00497656  -0.00764918   0.00496021    -0.007704   0.00502693  -0.00818179   0.00541078  -0.00765579   0.00497057   -0.0076537   0.00497701  -0.00765573   0.00497884  -0.00765539   0.00497372  -0.00765239   0.00498048  -0.00765455   0.00498194  -0.00765445   0.00498195  -0.00765388   0.00498242  -0.00765359   0.00498059  -0.00765544   0.00497945   -0.0076536   0.00496322  -0.00765551   0.00496316  -0.00765922   0.00496674  -0.00765637   0.00496566  -0.00765514   0.00496905    -0.007653   0.00497706  -0.00765237   0.00497956  -0.00765177   0.00500035  -0.00765418   0.00498308  -0.00765097   0.00498045  -0.00765096   0.00498046  -0.00765096   0.00498046
   0.0150556  -0.00764273 -2.10147e-07     0.014944  -0.00764763    0.0150707  -0.00771418    0.0150945  -0.00769941    0.0151452  -0.00771187    0.0153132  -0.00779436    0.0153259  -0.00782607    0.0156978  -0.00807384    0.0159081  -0.00817373    0.0161117   -0.0082699    0.0163627  -0.00842758    0.0160949  -0.00823881    0.0160417  -0.00822811    0.0160613  -0.00823085    0.0159667  -0.00822161    0.0159308  -0.00823712    0.0159193  -0.00823775    0.0159039  -0.00819824    0.0158158  -0.00810663    0.0156675  -0.00799935    0.0155906   -0.0079102    0.0151163  -0.00766572    0.0150838  -0.00763947    0.0150733  -0.00763484    0.0150562  -0.00764835    0.0150582  -0.00764699    0.0150562  -0.00765123     0.015051  -0.00765482    0.0150526  -0.00764976    0.0150556  -0.00766269    0.0150479  -0.00765891    0.0150123  -0.00765444    0.0151844  -0.00774058    0.0159281  -0.00823255     0.015056  -0.00764157    0.0150505  -0.00764589    0.0150557    -0.007646    0.0150533  -0.00764305    0.0150538  -0.00764294    0.0150588  -0.00764307    0.0150587   -0.0076431    0.0150582  -0.00764315    0.0150572  -0.00764142    0.0150474   -0.0076483    0.0150262  -0.00764885    0.0150364  -0.00764626    0.0150535  -0.00763915    0.0150441  -0.00764473    0.0150472  -0.00764436    0.0150519  -0.00764244    0.0150534  -0.00764224    0.0150882  -0.00770644     0.015057  -0.00764756    0.0150522  -0.00764072    0.0150522  -0.00764072    0.0150522  -0.00764071
 -0.00765266    0.0049806   1.1756e-07  -0.00763207   0.00495121  -0.00764845    0.0050127  -0.00764321   0.00497853  -0.00770944   0.00500407  -0.00777205   0.00506296  -0.00782383   0.00509204  -0.00803307   0.00528582   -0.0081647   0.00535495  -0.00827707   0.00546692  -0.00842758   0.00576391  -0.00826313   0.00539518  -0.00823481   0.00539945  -0.00824644   0.00540095  -0.00819528   0.00539353  -0.00818303    0.0053944  -0.00817954   0.00538861  -0.00816973   0.00534923  -0.00811125   0.00528417  -0.00801852   0.00521446  -0.00797067    0.0051591  -0.00768217   0.00500608  -0.00766334   0.00498875  -0.00765923   0.00498522  -0.00765381   0.00498278  -0.00765476   0.00498163  -0.00765396   0.00498315  -0.00764975   0.00498623  -0.00765376   0.00498128  -0.00765088   0.00498378  -0.00763858   0.00497716   -0.0076483   0.00496073  -0.00770307   0.00502882  -0.00817872   0.00539659  -0.00765567    0.0049704  -0.00765299   0.00497726  -0.00765496     0.004979   -0.0076547   0.00497402  -0.00765152   0.00498099  -0.00765369   0.00498234   -0.0076536   0.00498236  -0.00765299   0.00498281  -0.00765277   0.00498107  -0.00765528    0.0049786    -0.007653    0.0049636  -0.00765493   0.00496354   -0.0076591   0.00496641  -0.00765594   0.00496588  -0.00765459   0.00496929  -0.00765225   0.00497748  -0.00765154   0.00498008  -0.00765092   0.00500223  -0.00765421   0.00498197  -0.00765029   0.00498094  -0.00765029   0.00498094  -0.00765029   0.00498094
   0.0150616  -0.00764859 -2.30475e-07    0.0149473   -0.0076504    0.0150636  -0.00770984    0.0150887  -0.00769695    0.0151357  -0.00770841    0.0152944  -0.00778627    0.0153067  -0.00781645    0.0156516  -0.00804419    0.0158673   -0.0081824    0.0160389  -0.00825702    0.0160949  -0.00826313    0.0163322  -0.00836651    0.0161293  -0.00829824    0.0161707  -0.00832849    0.0160616  -0.00829476    0.0160251  -0.00831319    0.0160132  -0.00831147    0.0159963  -0.00826539    0.0158983  -0.00816271    0.0157344  -0.00804379    0.0156496  -0.00794541    0.0151274  -0.00767558    0.0150918   -0.0076465    0.0150806  -0.00764123    0.0150625  -0.00765431    0.0150646  -0.00765284    0.0150625   -0.0076571    0.0150568  -0.00766092     0.015059  -0.00765544    0.0150611  -0.00766806    0.0150506  -0.00766233    0.0150181  -0.00765778    0.0151727  -0.00773521    0.0160206  -0.00830627    0.0150626  -0.00764593    0.0150567  -0.00765132     0.015062  -0.00765163    0.0150597  -0.00764806    0.0150596  -0.00764883    0.0150649  -0.00764901    0.0150648  -0.00764902    0.0150644  -0.00764912    0.0150633  -0.00764728    0.0150542  -0.00765369    0.0150326  -0.00765229    0.0150431  -0.00764965    0.0150609  -0.00764279     0.015051  -0.00764849    0.0150537  -0.00764864    0.0150579   -0.0076479    0.0150593  -0.00764806    0.0150827  -0.00770342    0.0150634  -0.00765348    0.0150581  -0.00764655    0.0150581  -0.00764656    0.0150581  -0.00764654
 -0.00766498   0.00497516  1.31805e-07  -0.00763967   0.00494537  -0.00765016   0.00499804  -0.00764796   0.00496633  -0.00769971   0.00499067  -0.00776831   0.00504607  -0.00781207   0.00507495   -0.0079983   0.00524196  -0.00814473   0.00536438  -0.00822241   0.00540461  -0.00823881   0.00539518  -0.00836651   0.00557184  -0.00829788   0.00544889  -0.00833459   0.00550239  -0.00827616   0.00544624  -0.00826267   0.00544979  -0.00825924   0.00544081   -0.0082483   0.00539525  -0.00818158   0.00532088  -0.00807674   0.00524189  -0.00802265   0.00517924  -0.00769681   0.00500613  -0.00767561   0.00498656  -0.00767119   0.00498252  -0.00766552   0.00497901  -0.00766652   0.00497779  -0.00766573   0.00497924  -0.00766169   0.00498216  -0.00766555   0.00497719  -0.00766235   0.00497921   -0.0076487   0.00497136  -0.00765917   0.00495512   -0.0077032   0.00501385  -0.00825761   0.00544907  -0.00766762   0.00496511  -0.00766507    0.0049721  -0.00766735   0.00497392  -0.00766693   0.00496856  -0.00766373   0.00497557  -0.00766629   0.00497677  -0.00766621   0.00497678  -0.00766567   0.00497715  -0.00766528   0.00497543  -0.00766707   0.00497443  -0.00766428   0.00495788  -0.00766662   0.00495775   -0.0076714   0.00496087  -0.00766781   0.00496022  -0.00766656   0.00496378  -0.00766437   0.00497205  -0.00766371   0.00497461  -0.00765471   0.00498874  -0.00766595   0.00497815  -0.00766256   0.00497523  -0.00766255   0.00497523  -0.00766255   0.00497523
   0.0150701  -0.00764622 -2.31532e-07    0.0149524  -0.00764754    0.0150629  -0.00770188    0.0150896  -0.00769048    0.0151293  -0.00770086    0.0152872  -0.00777608    0.0152954  -0.00780532    0.0156277  -0.00802122    0.0158354  -0.00816159    0.0159962  -0.00823568    0.0160417  -0.00823481    0.0161293  -0.00829788      0.01627   -0.0083373    0.0161675   -0.0083001    0.0161328  -0.00832308      0.01609  -0.00833812    0.0160767  -0.00834106    0.0160588  -0.00829344    0.0159564  -0.00818641    0.0157837  -0.00806137    0.0156943  -0.00795745    0.0151417  -0.00767225     0.015104  -0.00764161    0.0150915  -0.00763601     0.015072  -0.00765098    0.0150742  -0.00764941    0.0150721  -0.00765397    0.0150654  -0.00765844    0.0150682  -0.00765238    0.0150701  -0.00766606    0.0150572  -0.00765953    0.0150255  -0.00765505    0.0151696   -0.0077266    0.0160894  -0.00833663     0.015072  -0.00764255    0.0150654   -0.0076487    0.0150707  -0.00764905    0.0150685  -0.00764525    0.0150681  -0.00764647    0.0150735  -0.00764676    0.0150734  -0.00764678    0.0150728  -0.00764688    0.0150717  -0.00764495    0.0150635  -0.00765031    0.0150408  -0.00764925    0.0150516   -0.0076465    0.0150708  -0.00763893    0.0150599  -0.00764527    0.0150625   -0.0076456    0.0150665  -0.00764537    0.0150677  -0.00764568    0.0150832  -0.00769627    0.0150729  -0.00765006    0.0150664  -0.00764421    0.0150664  -0.00764421    0.0150664   -0.0076442
