type_amount=2
type:tag=1
type:park=2
landmark_amount=57
39 1 0.203307 0.473685
23 1 -9.71637 5.84926
24 1 -5.80076 12.3786
19 1 -3.43223 2.47375
26 1 -12.0167 14.5831
22 1 -9.52428 6.24348
5 1 -17.1822 10.461
6 1 -15.8916 18.6797
8 1 -24.7355 15.2166
10 1 -20.879 21.7302
11 1 -21.3363 21.664
13 1 -29.9372 18.5899
12 1 -26.3562 25.1007
4 1 -31.1082 16.5836
14 1 -36.6047 5.02195
16 1 -32.4819 2.91038
3 1 -28.6334 0.193551
27 1 -20.4007 2.05467
1 1 -10.852 -3.7585
2 1 -18.2357 -6.3894
32 1 1.24797 -8.68555
34 1 6.26312 -12.3421
29 1 3.18411 -18.7894
28 1 8.40218 2.56837
38 1 13.5777 -1.53912
35 1 4.19474 -2.57291
17 1 4.4809 4.78466
54 1 13.8625 -0.823078
18 1 3.76527 5.12056
20 1 -0.693618 8.62475
51 1 0.303849 0.184741
25 1 -6.25504 12.3376
30 1 -32.3424 14.5767
57 1 8.81091 2.66115
52 1 17.3277 4.75802
65 1 15.563 13.4148
53 1 12.1471 7.79557
7 1 21.0987 10.3973
61 1 25.7582 17.3663
68 1 25.237 19.946
33 1 30.1241 23.3941
62 1 20.3558 20.1505
37 1 10.602 -6.06059
36 1 5.63425 -3.04249
58 1 5.45594 -2.68166
59 1 1.11153 -9.29479
55 1 11.0291 -6.1986
56 1 8.67827 2.93884
9 1 18.1104 4.54469
69 1 21.5347 10.7918
21 1 -0.864504 8.66338
458 1 3.67325 -7.90001
60 1 27.7825 17.7399
66 1 24.389 25.2533
67 1 29.8925 22.3762
70 1 27.7135 18.5119
79 1 23.2278 22.9367
landmark_P=
   0.0169449  -0.00507742  1.61833e-05    0.0150243  -0.00764097     0.014996   -0.0076268     0.015024  -0.00763544    0.0150052  -0.00762656    0.0150184  -0.00763669    0.0150097  -0.00763427    0.0150303  -0.00764344    0.0150311  -0.00765458    0.0150425  -0.00765201    0.0150439  -0.00765224    0.0150458   -0.0076596    0.0150508  -0.00765491    0.0150494  -0.00765633    0.0150635  -0.00765476    0.0150751  -0.00764725    0.0150789  -0.00764263    0.0150804  -0.00763656    0.0150873  -0.00764066    0.0150982  -0.00764673    0.0151043  -0.00765394    0.0151529   -0.0076763    0.0151569  -0.00767767    0.0151555  -0.00767857    0.0151565  -0.00767598    0.0151586  -0.00767337    0.0151567    -0.007679    0.0151376   -0.0076902    0.0151649  -0.00767159    0.0151406  -0.00768523    0.0150899  -0.00766136    0.0151264  -0.00765092    0.0150137  -0.00762823    0.0150717  -0.00765132    0.0151648    -0.007647    0.0151906  -0.00765059    0.0151872  -0.00764909    0.0151973  -0.00765085    0.0151875  -0.00765782    0.0151872  -0.00765349     0.015188  -0.00765365    0.0151855  -0.00765395     0.015192  -0.00765732    0.0151797  -0.00765567    0.0151624   -0.0076406    0.0151837  -0.00763165      0.01518  -0.00763668    0.0151889  -0.00762921    0.0151975  -0.00762464    0.0151882  -0.00765437    0.0151886  -0.00765809    0.0150289  -0.00763081    0.0151572  -0.00767368    0.0151878  -0.00765428    0.0151889  -0.00765374    0.0151885  -0.00765464    0.0151878  -0.00765419     0.015189  -0.00765308
 -0.00507735   0.00944478  5.76295e-05  -0.00764821   0.00498692  -0.00759691   0.00495226  -0.00760959   0.00494825  -0.00763045    0.0049613  -0.00761711   0.00495523  -0.00763033   0.00495648    -0.007628   0.00496368  -0.00764083    0.0049561  -0.00763731   0.00496545  -0.00764037   0.00496588  -0.00764284   0.00495975  -0.00764026   0.00496736  -0.00764039   0.00496503  -0.00763483   0.00496839  -0.00762858   0.00497405  -0.00762623   0.00497883  -0.00762679   0.00499231  -0.00763283   0.00500276  -0.00763625   0.00500675  -0.00763858   0.00500929  -0.00764931   0.00501816  -0.00764889   0.00501971  -0.00764889   0.00502001  -0.00764541   0.00502849    -0.007646   0.00502886  -0.00764724    0.0050262  -0.00764883   0.00502156  -0.00764228   0.00503151  -0.00764337   0.00501452  -0.00763994   0.00500016  -0.00766289   0.00500673  -0.00761165   0.00495873  -0.00763074   0.00497088  -0.00764139   0.00504651  -0.00763575   0.00505403  -0.00763591   0.00504821  -0.00763815   0.00505715  -0.00763801   0.00504824  -0.00763741   0.00504608  -0.00763765    0.0050463  -0.00763763   0.00504464    -0.007639   0.00505076  -0.00763549   0.00503401  -0.00764795   0.00502549  -0.00763442   0.00503527  -0.00763829   0.00503229  -0.00762724   0.00505488  -0.00762616   0.00507067  -0.00763633   0.00505418  -0.00763782   0.00505082  -0.00761104    0.0049612  -0.00764556   0.00502886  -0.00763764   0.00504653  -0.00763785   0.00504643  -0.00763779   0.00504658  -0.00763763   0.00504647  -0.00763773   0.00504643
 1.61833e-05  5.76295e-05  9.98932e-05  7.85219e-08 -4.38629e-08 -1.33661e-07   6.0673e-08 -1.48141e-07  6.28999e-08 -1.08486e-07  4.88773e-08 -1.30557e-07  5.47065e-08  -1.3368e-07  6.18113e-08 -1.50777e-07  7.91783e-08 -1.55785e-07  8.89014e-08 -1.64145e-07  1.00509e-07 -1.65004e-07  9.65063e-08 -1.72273e-07  1.02694e-07 -1.75468e-07  1.14623e-07 -1.69695e-07  1.06436e-07 -1.62918e-07  1.18743e-07  -1.3106e-07  1.43815e-07 -1.19834e-07  1.68731e-07 -1.23695e-07  2.35561e-07  -1.4981e-07  2.84757e-07 -1.68566e-07   3.0529e-07 -1.82831e-07  3.16247e-07 -2.42879e-07  3.67113e-07 -1.64438e-07  3.35663e-07 -3.94667e-07  4.34824e-07 -4.98401e-07  4.32316e-07 -4.97911e-07  4.10331e-07 -5.02478e-07  4.93888e-07 -4.63634e-07  4.88868e-07 -3.01588e-07  5.12884e-07 -3.74411e-07  3.35247e-07 -1.97441e-07  9.93163e-08  1.17794e-07 -6.15234e-08 -1.31986e-07  5.61513e-08 -1.42308e-07  1.30275e-07 -4.70279e-07 -1.55772e-07 -6.76597e-07  1.03064e-06 -1.03081e-06   5.4205e-07 -1.51948e-06  9.92634e-07 -8.87235e-07  9.94999e-07 -1.24897e-06  6.22177e-07 -1.30582e-06  6.46772e-07 -1.15615e-06  5.66164e-07 -1.57453e-06  1.05578e-06  2.01104e-07  4.20925e-07  1.12204e-07 -6.19753e-08  2.11832e-07 -7.59087e-08  1.22451e-07 -4.48814e-08  3.98699e-07  2.05341e-07  1.33331e-07 -2.14336e-07 -5.86488e-07  1.06477e-06 -9.27192e-07  1.14275e-06 -1.53856e-07  5.73242e-08 -4.92572e-07  3.98335e-07  -1.2837e-06  6.90584e-07 -1.36068e-06  6.56684e-07 -1.33368e-06  7.13753e-07 -1.28975e-06  6.82657e-07 -1.35277e-06  6.22128e-07
   0.0150243  -0.00764821  7.85219e-08    0.0150739  -0.00764036    0.0149309  -0.00761671    0.0149512  -0.00762455    0.0149534  -0.00761746     0.014947  -0.00762577    0.0149421  -0.00762305     0.014951  -0.00762794    0.0149496  -0.00763533    0.0149563  -0.00763302    0.0149562  -0.00763278    0.0149569  -0.00763794    0.0149601  -0.00763515    0.0149591  -0.00763564    0.0149661  -0.00763531    0.0149709  -0.00763276    0.0149723  -0.00763148    0.0149731  -0.00763118     0.014978   -0.0076352    0.0149842  -0.00763908    0.0149879  -0.00764319    0.0150143  -0.00765616    0.0150167  -0.00765734    0.0150152  -0.00765725     0.015015   -0.0076566    0.0150161  -0.00765571     0.015016  -0.00765548      0.01501  -0.00765876    0.0150181  -0.00765496     0.015009  -0.00765307    0.0149927  -0.00764528    0.0150372  -0.00764069    0.0149459    -0.007618    0.0149694  -0.00763405    0.0150174  -0.00765301    0.0150223  -0.00765086    0.0150196   -0.0076516    0.0150213  -0.00765092    0.0150203  -0.00765286    0.0150186  -0.00765268    0.0150187  -0.00765265    0.0150185  -0.00765286    0.0150192   -0.0076528    0.0150244  -0.00765194    0.0150308  -0.00764658     0.015027  -0.00764739    0.0150248  -0.00764967    0.0150249  -0.00764881    0.0150237   -0.0076496    0.0150218  -0.00765206    0.0150207  -0.00765266    0.0149536  -0.00761924    0.0150156  -0.00765613    0.0150188  -0.00765279    0.0150189  -0.00765271    0.0150189  -0.00765281    0.0150188  -0.00765276    0.0150189  -0.00765261
 -0.00764097   0.00498692 -4.38629e-08  -0.00764032    0.0049966  -0.00759879   0.00494256  -0.00761242   0.00493862  -0.00763275   0.00495283  -0.00762146   0.00494695  -0.00763342   0.00494641  -0.00763067   0.00495182  -0.00764239    0.0049443  -0.00763858   0.00495213  -0.00764166   0.00495279  -0.00764354   0.00494669    -0.007641    0.0049527  -0.00764151   0.00495123  -0.00763757   0.00495319  -0.00763462   0.00495598  -0.00763345   0.00495843  -0.00763379   0.00496491  -0.00763665   0.00497017  -0.00763835    0.0049722  -0.00763955   0.00497349  -0.00764518   0.00497797  -0.00764513   0.00497889  -0.00764397   0.00497871  -0.00764162     0.004983  -0.00764213   0.00498286  -0.00764211   0.00498236  -0.00764093   0.00498242  -0.00764182   0.00498332  -0.00763997   0.00498113  -0.00763693   0.00497809  -0.00763983   0.00499099  -0.00761522   0.00494915  -0.00763561   0.00495447  -0.00764143   0.00498662  -0.00764207   0.00498499  -0.00764155   0.00498408  -0.00764171   0.00498569   -0.0076427   0.00498325  -0.00764194   0.00498302  -0.00764198   0.00498306  -0.00764221   0.00498271  -0.00764217   0.00498375  -0.00764192   0.00498449   -0.0076405    0.0049884  -0.00764119     0.004988  -0.00764194   0.00498654  -0.00764157   0.00498696  -0.00764169   0.00498669  -0.00764236   0.00498448  -0.00764262   0.00498368  -0.00761349   0.00495046  -0.00764183   0.00498307  -0.00764203   0.00498314  -0.00764205   0.00498312  -0.00764204   0.00498315  -0.00764202   0.00498313  -0.00764202   0.00498309
    0.014996  -0.00759691 -1.33661e-07    0.0149309  -0.00759879     0.015172  -0.00767392    0.0151155   -0.0076579    0.0150688  -0.00766262    0.0151109  -0.00766265    0.0150943  -0.00766541    0.0150908  -0.00765369    0.0150747  -0.00765778    0.0150738  -0.00764872    0.0150691  -0.00764791    0.0150657    -0.007652    0.0150664  -0.00764616    0.0150664   -0.0076475    0.0150642  -0.00764544    0.0150623  -0.00764515    0.0150618  -0.00764407    0.0150605  -0.00763724    0.0150523  -0.00762708    0.0150437  -0.00762073    0.0150385  -0.00761477    0.0150036  -0.00759586    0.0150008   -0.0075935     0.015004  -0.00759403    0.0150074  -0.00758965    0.0150059  -0.00759065    0.0150059  -0.00759137    0.0150155  -0.00758663    0.0150034   -0.0075913    0.0150174  -0.00759471    0.0150432  -0.00760804    0.0149805  -0.00760347    0.0151214  -0.00766752    0.0150628  -0.00764541    0.0150047  -0.00759114    0.0149978  -0.00759498    0.0150015  -0.00759475    0.0149992  -0.00759424    0.0149998  -0.00759357    0.0150026    -0.007594    0.0150024  -0.00759395    0.0150025  -0.00759407    0.0150018   -0.0075932     0.014995  -0.00759435     0.014988  -0.00759797    0.0149921   -0.0075973    0.0149944   -0.0075957    0.0149949  -0.00759611    0.0149961   -0.0075953    0.0149982  -0.00759381    0.0149995  -0.00759347    0.0151156   -0.0076644    0.0150067  -0.00759015    0.0150024  -0.00759374    0.0150021  -0.00759388    0.0150022  -0.00759369    0.0150023   -0.0075938    0.0150021  -0.00759398
  -0.0076268   0.00495226   6.0673e-08  -0.00761671   0.00494256  -0.00767392   0.00504909  -0.00765578   0.00499636   -0.0076862   0.00501009  -0.00768644    0.0050098  -0.00770837   0.00501922  -0.00769322      0.00501  -0.00770135   0.00499502  -0.00769092   0.00500146  -0.00769307   0.00500237   -0.0076923   0.00499223  -0.00768733   0.00499758  -0.00768937   0.00499726  -0.00768154   0.00499698  -0.00767987   0.00499721  -0.00767941   0.00499667  -0.00767838   0.00499155  -0.00767137    0.0049834  -0.00766407    0.0049781  -0.00765962   0.00497301  -0.00762986   0.00495683  -0.00762772   0.00495503  -0.00762823   0.00495513  -0.00762814   0.00495418  -0.00762809   0.00495407  -0.00762756   0.00495536  -0.00762811   0.00495612    -0.007627   0.00495457  -0.00763013   0.00495951  -0.00763289    0.0049648  -0.00762469   0.00494927   -0.0076855   0.00502403   -0.0076802   0.00499729  -0.00762788   0.00495164  -0.00762563   0.00495439   -0.0076265   0.00495525  -0.00762616   0.00495355  -0.00762502   0.00495639  -0.00762607   0.00495663  -0.00762603   0.00495657  -0.00762571   0.00495699  -0.00762574   0.00495578  -0.00762619   0.00495342  -0.00762603   0.00495076  -0.00762588   0.00495123  -0.00762622   0.00495163  -0.00762624   0.00495198    -0.007626   0.00495242  -0.00762533   0.00495496  -0.00762511   0.00495585  -0.00766669    0.0050087  -0.00762811     0.004954  -0.00762597   0.00495649  -0.00762594   0.00495651  -0.00762595   0.00495647  -0.00762598    0.0049565  -0.00762591   0.00495656
    0.015024  -0.00760959 -1.48141e-07    0.0149512  -0.00761242    0.0151155  -0.00765578     0.015278  -0.00771716    0.0150928  -0.00767133    0.0151329  -0.00766013     0.015107  -0.00765791    0.0151063  -0.00764863    0.0150901  -0.00765508    0.0150908  -0.00764544     0.015086  -0.00764444    0.0150831  -0.00765006    0.0150845  -0.00764367    0.0150841  -0.00764497    0.0150829  -0.00764319    0.0150808  -0.00764338    0.0150802  -0.00764285    0.0150791  -0.00763811    0.0150726  -0.00763044    0.0150656  -0.00762543    0.0150614  -0.00762059    0.0150329  -0.00760547    0.0150303  -0.00760354    0.0150339  -0.00760426    0.0150373  -0.00760053    0.0150357  -0.00760154    0.0150359  -0.00760203    0.0150475  -0.00759686    0.0150328  -0.00760226    0.0150498   -0.0076066    0.0150834  -0.00762141    0.0150059  -0.00761683    0.0151538  -0.00766552    0.0150813  -0.00764332    0.0150341  -0.00760277    0.0150258   -0.0076077    0.0150298  -0.00760738    0.0150274  -0.00760679    0.0150279  -0.00760646    0.0150309  -0.00760704    0.0150308  -0.00760697    0.0150307  -0.00760713      0.01503  -0.00760611    0.0150231  -0.00760605     0.015015  -0.00761082    0.0150196  -0.00761002    0.0150224  -0.00760799    0.0150228  -0.00760859    0.0150241  -0.00760789    0.0150263  -0.00760656    0.0150276  -0.00760635    0.0151792  -0.00768379    0.0150366  -0.00760106    0.0150307  -0.00760679    0.0150303  -0.00760691    0.0150305  -0.00760672    0.0150307   -0.0076068    0.0150304  -0.00760705
 -0.00763544   0.00494825  6.28999e-08  -0.00762455   0.00493862   -0.0076579   0.00499636  -0.00771716   0.00510547  -0.00768675   0.00499751  -0.00767551   0.00498201  -0.00768973   0.00498664  -0.00767886   0.00498357  -0.00768798   0.00497103  -0.00767945   0.00497788  -0.00768193   0.00497884  -0.00768185   0.00496977  -0.00767762   0.00497522  -0.00767925   0.00497467   -0.0076729   0.00497485  -0.00767132   0.00497536  -0.00767083   0.00497532  -0.00767017   0.00497262  -0.00766576   0.00496777  -0.00766094    0.0049644  -0.00765807   0.00496112  -0.00763835   0.00495068  -0.00763673   0.00494948  -0.00763741   0.00494975  -0.00763729   0.00494953  -0.00763717   0.00494941  -0.00763662   0.00495072   -0.0076374   0.00495167  -0.00763597   0.00495002  -0.00763989   0.00495597  -0.00764386   0.00496177    -0.007633   0.00494514  -0.00767768   0.00499474  -0.00767175   0.00497525  -0.00763689   0.00494742   -0.0076343   0.00495031  -0.00763528    0.0049511  -0.00763492   0.00494945  -0.00763372   0.00495234  -0.00763492   0.00495249  -0.00763487   0.00495245  -0.00763455   0.00495279  -0.00763457   0.00495167  -0.00763489   0.00494906  -0.00763456   0.00494677  -0.00763442   0.00494729  -0.00763485   0.00494751  -0.00763487   0.00494791  -0.00763466   0.00494835  -0.00763399   0.00495088  -0.00763383   0.00495178  -0.00768019    0.0050083  -0.00763721    0.0049493  -0.00763482   0.00495233  -0.00763477   0.00495238  -0.00763479   0.00495231  -0.00763482   0.00495237  -0.00763474   0.00495243
   0.0150052  -0.00763045 -1.08486e-07    0.0149534  -0.00763275    0.0150688   -0.0076862    0.0150928  -0.00768675    0.0157303   -0.0078032    0.0151245  -0.00770636    0.0151712  -0.00770252    0.0151249   -0.0076968    0.0151202  -0.00769318    0.0151098  -0.00768885    0.0151073  -0.00768882    0.0151036  -0.00768472    0.0151007  -0.00768484    0.0151023  -0.00768517    0.0150942  -0.00768411    0.0150903  -0.00768516    0.0150892  -0.00768505    0.0150877  -0.00767895    0.0150776  -0.00766769    0.0150665  -0.00765991      0.01506  -0.00765233    0.0150151  -0.00762844    0.0150114  -0.00762585    0.0150136  -0.00762608     0.015015  -0.00762385    0.0150136   -0.0076247    0.0150137  -0.00762512    0.0150206  -0.00762162    0.0150115  -0.00762536    0.0150218  -0.00762723    0.0150413  -0.00763671    0.0149927  -0.00763552    0.0151097  -0.00769215    0.0150916  -0.00768469    0.0150127  -0.00762567    0.0150064  -0.00762944    0.0150091  -0.00762926    0.0150075  -0.00762878    0.0150077  -0.00762876    0.0150096  -0.00762917    0.0150095  -0.00762916    0.0150095  -0.00762935     0.015009  -0.00762849    0.0150048  -0.00762787    0.0149988  -0.00763114    0.0150022  -0.00763066    0.0150043  -0.00762904    0.0150043  -0.00762976    0.0150051  -0.00762926    0.0150066  -0.00762876    0.0150074  -0.00762865    0.0151014  -0.00769139    0.0150144  -0.00762426    0.0150094  -0.00762898    0.0150093  -0.00762908    0.0150093  -0.00762896    0.0150094  -0.00762903    0.0150093  -0.00762919
 -0.00762656    0.0049613  4.88773e-08  -0.00761746   0.00495283  -0.00766262   0.00501009  -0.00767133   0.00499751   -0.0078032   0.00515464  -0.00768667    0.0050034  -0.00770515   0.00500519  -0.00768899   0.00500016  -0.00769765    0.0049873  -0.00768746   0.00499341  -0.00768947   0.00499425  -0.00768908   0.00498479  -0.00768432   0.00499035  -0.00768609   0.00498967  -0.00767803   0.00498998  -0.00767498   0.00499142  -0.00767399   0.00499202  -0.00767313   0.00499008  -0.00766772   0.00498455  -0.00766141   0.00498033   -0.0076576   0.00497599  -0.00763127   0.00496233  -0.00762912   0.00496093  -0.00762927   0.00496109  -0.00762775    0.0049624  -0.00762813   0.00496192  -0.00762774   0.00496295  -0.00762802   0.00496436  -0.00762702   0.00496253  -0.00762996   0.00496751  -0.00763425   0.00497253  -0.00762326   0.00495894  -0.00768204   0.00500742  -0.00767586   0.00499082  -0.00762768   0.00496068  -0.00762574   0.00496283  -0.00762646   0.00496348   -0.0076262    0.0049622  -0.00762524   0.00496436  -0.00762632   0.00496416  -0.00762627   0.00496415  -0.00762613   0.00496425  -0.00762606   0.00496372  -0.00762627   0.00496177  -0.00762582   0.00496013  -0.00762566   0.00496059  -0.00762629   0.00496053  -0.00762616   0.00496104  -0.00762599   0.00496134  -0.00762551    0.0049633  -0.00762533   0.00496397  -0.00767927   0.00501515  -0.00762791   0.00496206  -0.00762621   0.00496408  -0.00762616    0.0049641  -0.00762617   0.00496405  -0.00762623   0.00496407  -0.00762617   0.00496416
   0.0150184  -0.00761711 -1.30557e-07     0.014947  -0.00762146    0.0151109  -0.00768644    0.0151329  -0.00767551    0.0151245  -0.00768667     0.015578  -0.00782506     0.015257  -0.00774127    0.0152819  -0.00774582    0.0152533  -0.00774648    0.0152398  -0.00773147    0.0152302  -0.00772965    0.0152228  -0.00773279    0.0152203  -0.00772407    0.0152218  -0.00772611    0.0152081   -0.0077228    0.0151972  -0.00772728    0.0151941  -0.00772822    0.0151908  -0.00771894    0.0151705  -0.00769708    0.0151472  -0.00768112    0.0151334  -0.00766507    0.0150369  -0.00761441    0.0150296  -0.00760924    0.0150309  -0.00760929    0.0150294  -0.00760972    0.0150285  -0.00761032    0.0150282  -0.00761158    0.0150347  -0.00760885    0.0150253  -0.00761157    0.0150371  -0.00761692    0.0150554  -0.00762702    0.0149998  -0.00762495    0.0152492  -0.00771451    0.0152002  -0.00772487     0.015027  -0.00761142    0.0150205  -0.00761471    0.0150241  -0.00761437    0.0150218  -0.00761421    0.0150228  -0.00761273    0.0150253  -0.00761321    0.0150252  -0.00761321    0.0150254  -0.00761316    0.0150246  -0.00761263    0.0150179  -0.00761404    0.0150095  -0.00761859    0.0150143  -0.00761759    0.0150179  -0.00761513    0.0150174  -0.00761622    0.0150187  -0.00761545    0.0150211  -0.00761326    0.0150224  -0.00761282    0.0151265  -0.00768211     0.015029  -0.00761002    0.0150251  -0.00761302    0.0150249  -0.00761314     0.015025  -0.00761298    0.0150251  -0.00761307    0.0150249  -0.00761322
 -0.00763669   0.00495523  5.47065e-08  -0.00762577   0.00494695  -0.00766265    0.0050098  -0.00766013   0.00498201  -0.00770636    0.0050034  -0.00782506   0.00525074  -0.00775807   0.00504678  -0.00775022   0.00504587  -0.00775672   0.00502902  -0.00774406   0.00503321  -0.00774498   0.00503395  -0.00774294   0.00502346    -0.007737   0.00502779  -0.00773928    0.0050277  -0.00772878   0.00502689  -0.00772534   0.00502757  -0.00772447   0.00502696  -0.00772274   0.00501905  -0.00771126   0.00500588  -0.00769901   0.00499701  -0.00769164   0.00498845  -0.00764177   0.00496148  -0.00763834   0.00495861  -0.00763853    0.0049585  -0.00763748   0.00495777  -0.00763768   0.00495746  -0.00763714   0.00495868  -0.00763694   0.00495974  -0.00763668   0.00495781  -0.00763868     0.004962  -0.00763938   0.00496518  -0.00763384   0.00495277  -0.00770327   0.00502464  -0.00772612   0.00502743  -0.00763745   0.00495498  -0.00763598   0.00495674  -0.00763676    0.0049575  -0.00763641    0.0049561  -0.00763562   0.00495804   -0.0076366   0.00495822  -0.00763657    0.0049582  -0.00763635   0.00495842  -0.00763633   0.00495753  -0.00763616   0.00495668  -0.00763569   0.00495402  -0.00763576   0.00495443  -0.00763641   0.00495474  -0.00763618   0.00495501  -0.00763612   0.00495523  -0.00763577     0.004957  -0.00763562   0.00495764  -0.00766717   0.00499695  -0.00763756   0.00495752   -0.0076365   0.00495812  -0.00763648   0.00495814  -0.00763649   0.00495811  -0.00763652   0.00495813  -0.00763649   0.00495816
   0.0150097  -0.00763033  -1.3368e-07    0.0149421  -0.00763342    0.0150943  -0.00770837     0.015107  -0.00768973    0.0151712  -0.00770515     0.015257  -0.00775807    0.0158465  -0.00784723     0.015289  -0.00778817    0.0152692   -0.0077892    0.0152504  -0.00777284    0.0152422  -0.00777185    0.0152346  -0.00776955    0.0152296  -0.00776411    0.0152321  -0.00776584    0.0152157  -0.00776244    0.0152058  -0.00776569    0.0152031  -0.00776544    0.0151994  -0.00775183    0.0151759  -0.00772545    0.0151498  -0.00770709    0.0151344  -0.00768904    0.0150271  -0.00763203    0.0150195  -0.00762608    0.0150208  -0.00762599    0.0150197  -0.00762455    0.0150187   -0.0076252    0.0150187  -0.00762631     0.015025  -0.00762322     0.015016   -0.0076261    0.0150265  -0.00762996    0.0150423  -0.00763866    0.0149924  -0.00763705    0.0152108  -0.00773315    0.0152084  -0.00776402    0.0150175  -0.00762515    0.0150112  -0.00762875    0.0150148  -0.00762873    0.0150126  -0.00762805    0.0150131  -0.00762752    0.0150157  -0.00762792    0.0150156  -0.00762788    0.0150158  -0.00762788     0.015015  -0.00762718     0.015009  -0.00762817    0.0150014  -0.00763131    0.0150058  -0.00763051    0.0150092  -0.00762853    0.0150086  -0.00762949    0.0150097  -0.00762887    0.0150116   -0.0076277    0.0150128  -0.00762751    0.0151023  -0.00769203    0.0150194  -0.00762493    0.0150155  -0.00762767    0.0150153   -0.0076278    0.0150154  -0.00762762    0.0150155  -0.00762771    0.0150153  -0.00762785
 -0.00763427   0.00495648  6.18113e-08  -0.00762305   0.00494641  -0.00766541   0.00501922  -0.00765791   0.00498664  -0.00770252   0.00500519  -0.00774127   0.00504678  -0.00784724   0.00515986   -0.0077789   0.00507245  -0.00778819   0.00505745  -0.00777233   0.00505729   -0.0077721   0.00505782  -0.00776928   0.00504745  -0.00776274   0.00505044  -0.00776544   0.00505085  -0.00775286   0.00504925  -0.00774839   0.00505022  -0.00774728   0.00504934  -0.00774502   0.00503908  -0.00773018   0.00502193   -0.0077144   0.00501047  -0.00770491   0.00499947  -0.00764051   0.00496461  -0.00763617   0.00496088  -0.00763622   0.00496073   -0.0076347   0.00495982  -0.00763501   0.00495939  -0.00763439   0.00496064  -0.00763383   0.00496232  -0.00763397   0.00495973  -0.00763579   0.00496444  -0.00763634   0.00496702  -0.00763137   0.00495318  -0.00771466   0.00503429  -0.00774948   0.00504989  -0.00763476   0.00495626  -0.00763325   0.00495851  -0.00763403   0.00495949  -0.00763369   0.00495772  -0.00763272   0.00496024  -0.00763362   0.00496057  -0.00763358   0.00496055  -0.00763332   0.00496098  -0.00763331   0.00495973  -0.00763365   0.00495826  -0.00763334   0.00495498  -0.00763329    0.0049554  -0.00763396   0.00495591  -0.00763369   0.00495619  -0.00763351   0.00495662  -0.00763295   0.00495894  -0.00763279   0.00495976  -0.00766404   0.00500023  -0.00763484   0.00495948  -0.00763352   0.00496044  -0.00763349    0.0049605  -0.00763351   0.00496043  -0.00763354   0.00496047   -0.0076335   0.00496051
   0.0150303    -0.007628 -1.50777e-07     0.014951  -0.00763067    0.0150908  -0.00769322    0.0151063  -0.00767886    0.0151249  -0.00768899    0.0152819  -0.00775022     0.015289   -0.0077789    0.0158305  -0.00796714    0.0155193    -0.007906    0.0154991  -0.00790179    0.0154844   -0.0079002     0.015467  -0.00789149    0.0154578  -0.00788351    0.0154628  -0.00788631    0.0154295  -0.00788063    0.0154089  -0.00788836     0.015403  -0.00788906    0.0153959  -0.00786518    0.0153508  -0.00781542    0.0153002  -0.00778019      0.01527   -0.0077452    0.0150612   -0.0076342    0.0150467    -0.007623    0.0150462  -0.00762235    0.0150395  -0.00762433    0.0150398  -0.00762424    0.0150388  -0.00762642    0.0150415  -0.00762615    0.0150356  -0.00762581    0.0150442  -0.00763298    0.0150521  -0.00763848    0.0150083  -0.00763536    0.0151839  -0.00771434    0.0154141  -0.00788445    0.0150377  -0.00762322    0.0150319  -0.00762652    0.0150357  -0.00762667    0.0150333  -0.00762572    0.0150341  -0.00762493    0.0150371   -0.0076252     0.015037   -0.0076252    0.0150372  -0.00762511    0.0150362  -0.00762449    0.0150297  -0.00762661    0.0150205  -0.00762916    0.0150258  -0.00762801    0.0150307   -0.0076255    0.0150292  -0.00762705    0.0150302  -0.00762654    0.0150324  -0.00762513    0.0150338  -0.00762484    0.0151015  -0.00768121    0.0150397  -0.00762429    0.0150369  -0.00762499    0.0150366  -0.00762514    0.0150367  -0.00762493    0.0150369  -0.00762504    0.0150367  -0.00762522
 -0.00764344   0.00496368  7.91783e-08  -0.00762794   0.00495182  -0.00765369      0.00501  -0.00764863   0.00498357   -0.0076968   0.00500016  -0.00774582   0.00504587  -0.00778817   0.00507245  -0.00796714   0.00529897  -0.00792717   0.00517035  -0.00793275   0.00518846  -0.00793319   0.00518575  -0.00792503   0.00516467  -0.00791431   0.00516983   -0.0079195   0.00517104  -0.00789545   0.00516719  -0.00788683   0.00516856  -0.00788458   0.00516632   -0.0078797   0.00514292  -0.00784759   0.00510523  -0.00781372   0.00508054  -0.00779324   0.00505685  -0.00765508   0.00498155  -0.00764615   0.00497363  -0.00764571   0.00497302   -0.0076423   0.00497072  -0.00764296   0.00496996  -0.00764213   0.00497142  -0.00764025   0.00497378  -0.00764192   0.00496996  -0.00764177   0.00497415  -0.00763735   0.00497307  -0.00763923   0.00495953  -0.00769713   0.00502088  -0.00788866   0.00516831  -0.00764289    0.0049643   -0.0076421   0.00496632  -0.00764308   0.00496777  -0.00764262   0.00496536   -0.0076416   0.00496813  -0.00764274   0.00496866  -0.00764269   0.00496862   -0.0076424   0.00496917  -0.00764237   0.00496756  -0.00764248   0.00496745  -0.00764212   0.00496187  -0.00764235   0.00496222  -0.00764334   0.00496317  -0.00764265   0.00496336  -0.00764239    0.0049639  -0.00764179   0.00496672  -0.00764166   0.00496761  -0.00765499   0.00499751  -0.00764259   0.00497012  -0.00764263   0.00496851  -0.00764258   0.00496855   -0.0076426   0.00496849  -0.00764263   0.00496854  -0.00764257   0.00496858
   0.0150311  -0.00764083 -1.55785e-07    0.0149496  -0.00764239    0.0150747  -0.00770135    0.0150901  -0.00768798    0.0151202  -0.00769765    0.0152533  -0.00775672    0.0152692  -0.00778819    0.0155193  -0.00792717    0.0159856  -0.00808964     0.015604   -0.0079638    0.0155977  -0.00797055    0.0155824  -0.00797156    0.0155655  -0.00795277    0.0155717  -0.00795786    0.0155282  -0.00794921    0.0155016  -0.00796013    0.0154941  -0.00796158    0.0154851  -0.00793352    0.0154296  -0.00787286    0.0153666  -0.00782934    0.0153292  -0.00778595    0.0150695  -0.00764822    0.0150514  -0.00763453      0.01505  -0.00763357    0.0150398  -0.00763823     0.015041  -0.00763742    0.0150397  -0.00764008    0.0150399  -0.00764136     0.015036  -0.00763949    0.0150431  -0.00764788     0.015046  -0.00765087     0.015008  -0.00764766    0.0151616  -0.00772082    0.0155086  -0.00795432    0.0150382  -0.00763626    0.0150322  -0.00764017     0.015036  -0.00764057    0.0150337  -0.00763924     0.015034  -0.00763917     0.015037  -0.00763967    0.0150369  -0.00763965    0.0150369  -0.00763969    0.0150361  -0.00763872    0.0150307  -0.00763957    0.0150212  -0.00764163    0.0150266  -0.00764061    0.0150323  -0.00763774      0.01503  -0.00763978    0.0150307  -0.00763956    0.0150325  -0.00763906    0.0150337  -0.00763904    0.0150872  -0.00768991    0.0150404  -0.00763782    0.0150368  -0.00763943    0.0150364  -0.00763959    0.0150366  -0.00763938    0.0150368  -0.00763947    0.0150365  -0.00763968
 -0.00765458    0.0049561  8.89014e-08  -0.00763533    0.0049443  -0.00765778   0.00499502  -0.00765508   0.00497103  -0.00769318    0.0049873  -0.00774648   0.00502902   -0.0077892   0.00505744    -0.007906   0.00517035  -0.00808964   0.00546125  -0.00797372   0.00521028  -0.00798351   0.00521508  -0.00799314   0.00522959  -0.00797833    0.0052068  -0.00798076   0.00521331  -0.00795939   0.00520365  -0.00794871   0.00520538  -0.00794625   0.00520205  -0.00794041   0.00517335  -0.00790138   0.00512733  -0.00786032    0.0050974   -0.0078356   0.00506881  -0.00766844   0.00497769   -0.0076577   0.00496804   -0.0076572   0.00496728  -0.00765324   0.00496413  -0.00765387   0.00496325  -0.00765302   0.00496486  -0.00765113   0.00496715  -0.00765281   0.00496324  -0.00765239   0.00496709  -0.00764682   0.00496532   -0.0076493   0.00495213  -0.00769977   0.00500631  -0.00795089   0.00520474  -0.00765394   0.00495682  -0.00765317   0.00495892  -0.00765431   0.00496051  -0.00765379   0.00495788  -0.00765266   0.00496075  -0.00765396   0.00496113  -0.00765391    0.0049611  -0.00765374   0.00496156  -0.00765364   0.00496006  -0.00765346   0.00496043  -0.00765289   0.00495417  -0.00765331   0.00495452  -0.00765457   0.00495554  -0.00765373   0.00495576  -0.00765337   0.00495633  -0.00765286   0.00495925  -0.00765275   0.00496018  -0.00766064   0.00498446  -0.00765346   0.00496343  -0.00765386   0.00496099  -0.00765378   0.00496103   -0.0076538   0.00496098  -0.00765385   0.00496102  -0.00765387   0.00496109
   0.0150425  -0.00763731 -1.64145e-07    0.0149563  -0.00763858    0.0150738  -0.00769092    0.0150908  -0.00767945    0.0151098  -0.00768746    0.0152398  -0.00774406    0.0152504  -0.00777233    0.0154991  -0.00793275     0.015604  -0.00797372    0.0158057  -0.00803951    0.0157105  -0.00802798    0.0156859  -0.00801563    0.0156691  -0.00800909    0.0156813  -0.00801221    0.0156259  -0.00800503    0.0155957  -0.00801732    0.0155867  -0.00801892    0.0155764  -0.00798517    0.0155107  -0.00791298    0.0154364  -0.00786156    0.0153922  -0.00781031    0.0150864  -0.00764779    0.0150651  -0.00763169     0.015063  -0.00763037    0.0150509  -0.00763573    0.0150522  -0.00763483    0.0150507  -0.00763774    0.0150501   -0.0076397    0.0150471  -0.00763697    0.0150535  -0.00764587     0.015053  -0.00764743    0.0150177  -0.00764428    0.0151559  -0.00770975    0.0156039  -0.00801093    0.0150495  -0.00763281    0.0150434   -0.0076371    0.0150472  -0.00763771    0.0150449  -0.00763606     0.015045  -0.00763632    0.0150481  -0.00763681     0.015048   -0.0076368    0.0150481  -0.00763684    0.0150472  -0.00763579    0.0150421  -0.00763657    0.0150322  -0.00763804    0.0150378   -0.0076369    0.0150441  -0.00763393    0.0150414  -0.00763614     0.015042  -0.00763611    0.0150437  -0.00763603    0.0150448  -0.00763608    0.0150879  -0.00768035    0.0150515  -0.00763523    0.0150479  -0.00763657    0.0150476  -0.00763673    0.0150477  -0.00763651    0.0150479  -0.00763661    0.0150476  -0.00763682
 -0.00765201   0.00496545  1.00509e-07  -0.00763302   0.00495213  -0.00764872   0.00500146  -0.00764544   0.00497788  -0.00768885   0.00499341  -0.00773147   0.00503321  -0.00777284   0.00505729  -0.00790179   0.00518846   -0.0079638   0.00521028  -0.00803951   0.00531712  -0.00802735   0.00527415  -0.00803138   0.00525154  -0.00802354   0.00526272  -0.00802549   0.00526406  -0.00800084   0.00525872  -0.00799007   0.00525886  -0.00798739   0.00525481  -0.00798057   0.00521992  -0.00793517   0.00516597  -0.00788772   0.00513113  -0.00785906     0.005098  -0.00766636   0.00499246  -0.00765411   0.00498123  -0.00765366   0.00498021  -0.00764958   0.00497552  -0.00765027   0.00497459  -0.00764941   0.00497604  -0.00764741   0.00497843   -0.0076495   0.00497419  -0.00764821   0.00497738    -0.007641   0.00497392  -0.00764687   0.00496053  -0.00768765   0.00501185  -0.00799201   0.00525977  -0.00765061   0.00496674  -0.00765036   0.00496879  -0.00765155   0.00497063  -0.00765098   0.00496757  -0.00764978   0.00497086  -0.00765113   0.00497132  -0.00765108   0.00497127  -0.00765084    0.0049718  -0.00765076   0.00497009  -0.00765059   0.00497087  -0.00765035   0.00496324  -0.00765072   0.00496355  -0.00765186   0.00496511    -0.007651   0.00496512  -0.00765058   0.00496577  -0.00764997   0.00496918  -0.00764983   0.00497021  -0.00765161   0.00499154  -0.00764987   0.00497472  -0.00765103   0.00497114  -0.00765101    0.0049712  -0.00765097    0.0049711  -0.00765102   0.00497119  -0.00765101   0.00497126
   0.0150439  -0.00764037 -1.65004e-07    0.0149562  -0.00764166    0.0150691  -0.00769307     0.015086  -0.00768193    0.0151073  -0.00768947    0.0152302  -0.00774498    0.0152422   -0.0077721    0.0154844  -0.00793319    0.0155977  -0.00798351    0.0157105  -0.00802735    0.0159062  -0.00814551    0.0157383  -0.00803324    0.0157113  -0.00802211    0.0157276   -0.0080261    0.0156634  -0.00801836    0.0156299  -0.00803314    0.0156204  -0.00803577    0.0156093  -0.00800259    0.0155405  -0.00792793    0.0154623  -0.00787401    0.0154157   -0.0078199    0.0150919  -0.00764876    0.0150694  -0.00763191    0.0150667  -0.00763055    0.0150526  -0.00763827    0.0150541  -0.00763722    0.0150526  -0.00764041    0.0150507   -0.0076433    0.0150485  -0.00763971    0.0150544  -0.00764981     0.015052  -0.00765077    0.0150185  -0.00764742     0.015149  -0.00771125      0.01564  -0.00802488    0.0150511  -0.00763575    0.0150446  -0.00764046    0.0150483  -0.00764107    0.0150462   -0.0076393    0.0150463  -0.00763994    0.0150493  -0.00764045    0.0150491  -0.00764042    0.0150492  -0.00764046    0.0150484  -0.00763934    0.0150438  -0.00763916    0.0150335  -0.00764108    0.0150393  -0.00763993    0.0150459  -0.00763656    0.0150428  -0.00763911    0.0150433  -0.00763924    0.0150449  -0.00763948    0.0150459  -0.00763961    0.0150837  -0.00768277    0.0150533  -0.00763769    0.0150491  -0.00764019    0.0150488  -0.00764035    0.0150489  -0.00764015     0.015049  -0.00764023    0.0150488  -0.00764042
 -0.00765224   0.00496588  9.65063e-08  -0.00763278   0.00495279  -0.00764791   0.00500237  -0.00764444   0.00497884  -0.00768882   0.00499425  -0.00772965   0.00503395  -0.00777185   0.00505782   -0.0079002   0.00518575  -0.00797055   0.00521508  -0.00802798   0.00527415  -0.00814551   0.00549172  -0.00804383   0.00525001  -0.00803165   0.00525674  -0.00803574   0.00525862  -0.00800785   0.00525333  -0.00799559   0.00525495  -0.00799251   0.00525169  -0.00798567   0.00521859  -0.00794036   0.00516526  -0.00789243   0.00513042  -0.00786359   0.00509701  -0.00766842   0.00499068  -0.00765589   0.00497947  -0.00765503   0.00497842  -0.00765007   0.00497535  -0.00765084   0.00497431  -0.00764997   0.00497593  -0.00764731   0.00497873  -0.00764986   0.00497416  -0.00764848   0.00497815  -0.00764053   0.00497469  -0.00764673    0.0049611  -0.00768624   0.00501273  -0.00799818   0.00525498  -0.00765103   0.00496699  -0.00765055   0.00496922  -0.00765167     0.004971  -0.00765119   0.00496803  -0.00764988   0.00497137  -0.00765127   0.00497178  -0.00765122   0.00497175  -0.00765098   0.00497226  -0.00765092    0.0049706    -0.007651   0.00497085  -0.00765057   0.00496368  -0.00765096   0.00496406  -0.00765232   0.00496523   -0.0076513   0.00496548  -0.00765084   0.00496622  -0.00765015   0.00496968     -0.00765   0.00497071  -0.00765064   0.00499272  -0.00765036   0.00497453  -0.00765117   0.00497162  -0.00765116   0.00497167  -0.00765118   0.00497161  -0.00765116   0.00497166  -0.00765114   0.00497172
   0.0150458  -0.00764284 -1.72273e-07    0.0149569  -0.00764354    0.0150657   -0.0076923    0.0150831  -0.00768185    0.0151036  -0.00768908    0.0152228  -0.00774294    0.0152346  -0.00776928     0.015467  -0.00792503    0.0155824  -0.00799314    0.0156859  -0.00803138    0.0157383  -0.00804383    0.0159165  -0.00812202    0.0157471  -0.00805406    0.0157752   -0.0080765    0.0156994  -0.00805177     0.015666  -0.00806869    0.0156561  -0.00806956    0.0156445  -0.00803245    0.0155708   -0.0079516    0.0154875  -0.00789397    0.0154379  -0.00783648    0.0150947  -0.00765449     0.015071  -0.00763648    0.0150684  -0.00763498    0.0150539  -0.00764188    0.0150555  -0.00764071    0.0150539  -0.00764392    0.0150519  -0.00764679      0.01505  -0.00764305    0.0150555  -0.00765278    0.0150519  -0.00765285      0.01502  -0.00764958     0.015144  -0.00771006     0.015674   -0.0080589    0.0150526  -0.00763844    0.0150464  -0.00764319      0.01505  -0.00764395     0.015048  -0.00764194    0.0150479  -0.00764279     0.015051  -0.00764329    0.0150508  -0.00764325     0.015051  -0.00764332    0.0150501  -0.00764214    0.0150455  -0.00764224    0.0150353  -0.00764336     0.015041  -0.00764225    0.0150477  -0.00763904    0.0150446  -0.00764155    0.0150451  -0.00764174    0.0150465  -0.00764219    0.0150476  -0.00764236     0.015081  -0.00768242    0.0150547  -0.00764123    0.0150507  -0.00764303    0.0150505  -0.00764318    0.0150506  -0.00764299    0.0150507  -0.00764308    0.0150505  -0.00764325
  -0.0076596   0.00495975  1.02694e-07  -0.00763794   0.00494669    -0.007652   0.00499223  -0.00765006   0.00496977  -0.00768472   0.00498479  -0.00773279   0.00502346  -0.00776955   0.00504745  -0.00789149   0.00516467  -0.00797156   0.00522959  -0.00801563   0.00525154  -0.00803324   0.00525001  -0.00812202   0.00538817  -0.00805829   0.00527421  -0.00807933   0.00531029  -0.00804221   0.00527213  -0.00802954   0.00527581  -0.00802665    0.0052704  -0.00801933   0.00523386  -0.00796983   0.00517564  -0.00791808   0.00513789   -0.0078869   0.00510181  -0.00767659   0.00498699  -0.00766316   0.00497487  -0.00766237   0.00497375  -0.00765733   0.00496985  -0.00765814   0.00496877  -0.00765729   0.00497042  -0.00765484   0.00497311  -0.00765717   0.00496852  -0.00765573   0.00497223  -0.00764752    0.0049685  -0.00765355   0.00495509  -0.00769015    0.0050027  -0.00803159   0.00527334  -0.00765839   0.00496089  -0.00765796   0.00496312  -0.00765924   0.00496497  -0.00765861   0.00496186  -0.00765739    0.0049652  -0.00765886   0.00496562   -0.0076588   0.00496557  -0.00765858   0.00496606  -0.00765845   0.00496437  -0.00765828   0.00496513   -0.0076577   0.00495752  -0.00765824   0.00495786   -0.0076597   0.00495914  -0.00765857   0.00495934  -0.00765817   0.00496006  -0.00765759   0.00496347  -0.00765747    0.0049645  -0.00765583   0.00498304  -0.00765765   0.00496899  -0.00765875   0.00496541  -0.00765865   0.00496549  -0.00765868    0.0049654  -0.00765874   0.00496546  -0.00765873   0.00496556
