type_amount=2
type:tag=1
type:park=2
landmark_amount=57
39 1 0.203307 0.473685
23 1 -9.71637 5.84926
24 1 -5.80076 12.3786
19 1 -3.43223 2.47375
26 1 -12.0167 14.5831
22 1 -9.52428 6.24348
5 1 -17.1822 10.461
6 1 -15.8916 18.6797
8 1 -24.7355 15.2166
10 1 -20.879 21.7302
11 1 -21.3363 21.664
13 1 -29.9372 18.5899
12 1 -26.3562 25.1007
4 1 -31.1082 16.5836
14 1 -36.6047 5.02195
16 1 -32.4819 2.91038
3 1 -28.6334 0.193551
27 1 -20.4007 2.05467
1 1 -10.852 -3.7585
2 1 -18.2357 -6.3894
32 1 1.24797 -8.68555
34 1 6.26312 -12.3421
29 1 3.18411 -18.7894
28 1 8.40218 2.56837
38 1 13.5777 -1.53912
35 1 4.19474 -2.57291
17 1 4.4809 4.78466
54 1 13.8625 -0.823078
18 1 3.76527 5.12056
20 1 -0.693618 8.62475
51 1 0.303849 0.184741
25 1 -6.25504 12.3376
30 1 -32.3424 14.5767
57 1 8.81091 2.66115
52 1 17.328 4.75959
65 1 15.563 13.4148
53 1 12.1275 7.76169
7 1 21.0987 10.3973
61 1 25.7582 17.3663
68 1 25.237 19.946
33 1 30.1241 23.3941
62 1 20.3558 20.1505
37 1 10.602 -6.06059
36 1 5.63425 -3.04249
58 1 5.46811 -2.68053
59 1 1.11153 -9.29479
55 1 11.0412 -6.21677
56 1 8.65591 2.91332
9 1 18.1104 4.54469
69 1 21.5347 10.7918
21 1 -0.864504 8.66338
458 1 3.67325 -7.90001
60 1 27.7825 17.7399
66 1 24.389 25.2533
67 1 29.8925 22.3762
70 1 27.7135 18.5119
79 1 23.2278 22.9367
landmark_P=
   0.0187844  -0.00357822 -0.000268902    0.0150216  -0.00764165     0.014999  -0.00762622    0.0150272  -0.00763494    0.0150072  -0.00762621    0.0150216  -0.00763644    0.0150124  -0.00763377    0.0150332  -0.00764277    0.0150335   -0.0076539    0.0150448  -0.00765116    0.0150461  -0.00765134    0.0150478  -0.00765879    0.0150527    -0.007654    0.0150514  -0.00765542     0.015065  -0.00765388    0.0150758  -0.00764682    0.0150794  -0.00764253    0.0150808  -0.00763702    0.0150875  -0.00764115     0.015098    -0.007647    0.0151038  -0.00765392    0.0151506  -0.00767552    0.0151535  -0.00767649    0.0151543  -0.00767808    0.0151568  -0.00767446    0.0151585  -0.00767203    0.0151563  -0.00767805    0.0151377  -0.00768907    0.0151636  -0.00767069    0.0151407  -0.00768485    0.0150911   -0.0076616    0.0151213  -0.00765189    0.0150169  -0.00762756    0.0150726  -0.00765059    0.0151654  -0.00764135    0.0152209  -0.00758288    0.0152141  -0.00761538    0.0152112  -0.00760519    0.0152244  -0.00762446    0.0152285  -0.00761317    0.0152311  -0.00761361    0.0152238  -0.00761474     0.015243  -0.00762363     0.015171  -0.00765761    0.0151549  -0.00764254    0.0151729  -0.00763521    0.0151715  -0.00763815    0.0151775  -0.00763409    0.0152014  -0.00761509    0.0152204  -0.00761481    0.0152269  -0.00762677    0.0150315  -0.00763091    0.0151573  -0.00767224    0.0152304  -0.00761551    0.0152341  -0.00761388    0.0152327  -0.00761653    0.0152306  -0.00761519    0.0152341  -0.00761177
 -0.00357815    0.0116832 -0.000296859  -0.00765074   0.00498501  -0.00759509   0.00495439  -0.00760781   0.00495032  -0.00762949   0.00496283  -0.00761479   0.00495668  -0.00762887   0.00495846  -0.00762655   0.00496624  -0.00764018   0.00495882  -0.00763707   0.00496865  -0.00764043    0.0049691  -0.00764312   0.00496296  -0.00764065   0.00497092  -0.00764072   0.00496848  -0.00763581     0.004972   -0.0076302   0.00497734  -0.00762799   0.00498206  -0.00762872   0.00499578  -0.00763556   0.00500705  -0.00763999   0.00501171  -0.00764292   0.00501492  -0.00765777   0.00502589  -0.00765761   0.00502744  -0.00765853   0.00502864  -0.00765486    0.0050386  -0.00765625   0.00503816  -0.00765804   0.00503662  -0.00765761    0.0050323  -0.00765056   0.00504213  -0.00765065   0.00502132  -0.00764188   0.00500156  -0.00766825   0.00500404  -0.00760947   0.00496095  -0.00763212   0.00497439  -0.00764959   0.00504819  -0.00759195   0.00517099  -0.00760885   0.00511964  -0.00760959   0.00511663  -0.00760483   0.00513093  -0.00761528   0.00512131  -0.00761632   0.00512225   -0.0076142   0.00511624  -0.00762204   0.00513732  -0.00764684   0.00503764  -0.00765756   0.00502093  -0.00764638   0.00502874  -0.00765017   0.00502804  -0.00764131   0.00504538  -0.00761378    0.0050771  -0.00759222   0.00514467  -0.00760483   0.00513811  -0.00761032   0.00496214  -0.00765521   0.00503813  -0.00761597   0.00512359  -0.00761819   0.00512261  -0.00761735   0.00512416  -0.00761606   0.00512335  -0.00761716    0.0051224
-0.000268902 -0.000296859  0.000295888  6.88345e-08 -4.48546e-08 -1.24949e-07  6.25823e-08 -1.40022e-07  6.74957e-08 -9.04935e-08   4.8492e-08 -1.17353e-07  4.70367e-08  -1.2773e-07  5.38446e-08 -1.35513e-07  6.81764e-08 -1.36973e-07  7.42408e-08  -1.3666e-07  8.04949e-08 -1.45888e-07  8.01581e-08 -1.42645e-07  8.32435e-08 -1.40586e-07  9.34388e-08 -1.40105e-07  8.97691e-08 -1.30257e-07   9.8529e-08 -9.91909e-08  1.17999e-07 -8.81168e-08  1.37923e-07 -9.13032e-08  1.89354e-07 -1.11299e-07  2.25819e-07 -1.29522e-07  2.38207e-07 -1.44538e-07  2.53386e-07 -1.83804e-07  2.91631e-07 -1.15331e-07  2.59251e-07 -3.47216e-07  3.58874e-07 -4.46952e-07  3.14928e-07 -4.44292e-07   2.8614e-07  -4.2323e-07  4.09651e-07 -3.85397e-07  4.10064e-07  -1.1516e-07  4.02366e-07   -2.939e-07  2.82223e-07  -1.4388e-07   7.6479e-08  1.11979e-07 -5.86412e-08 -1.16034e-07  6.05713e-08  -1.0491e-07  1.06759e-07  -4.3551e-07 -4.20344e-07  3.03403e-06 -1.58308e-06 -1.14843e-06  3.23915e-07  1.06386e-07 -1.14545e-06 -1.08735e-06  1.99528e-06  -3.1687e-06  4.49796e-07  -3.4616e-06  5.45323e-07 -2.69447e-06  2.45225e-07 -4.84035e-06  2.19935e-06  1.45979e-07  2.67992e-07  1.07238e-07 -6.79671e-08   1.5136e-07 -7.05774e-08  1.00408e-07 -5.90104e-08  1.93963e-07 -4.76901e-08 -1.62261e-07  -7.0353e-07  7.62196e-07  1.66814e-06 -1.30816e-06  2.67255e-06 -1.28861e-07  4.84662e-08  -4.4439e-07  2.79221e-07 -3.37946e-06  8.14289e-07  -3.9094e-06  5.85546e-07  -3.7096e-06    9.536e-07 -3.40682e-06  7.70031e-07 -3.80941e-06  3.81599e-07
   0.0150216  -0.00765074  6.88345e-08    0.0150739  -0.00764036    0.0149309  -0.00761671    0.0149512  -0.00762455    0.0149534  -0.00761746     0.014947  -0.00762577    0.0149421  -0.00762305     0.014951  -0.00762794    0.0149496  -0.00763533    0.0149563  -0.00763302    0.0149562  -0.00763278    0.0149569  -0.00763794    0.0149601  -0.00763515    0.0149591  -0.00763564    0.0149661  -0.00763531    0.0149709  -0.00763276    0.0149723  -0.00763148    0.0149731  -0.00763118     0.014978   -0.0076352    0.0149842  -0.00763908    0.0149879  -0.00764319    0.0150143  -0.00765616    0.0150167  -0.00765735    0.0150152  -0.00765726     0.015015  -0.00765661    0.0150161  -0.00765572     0.015016  -0.00765548      0.01501  -0.00765877    0.0150181  -0.00765497     0.015009  -0.00765307    0.0149927  -0.00764528    0.0150372  -0.00764069    0.0149459    -0.007618    0.0149694  -0.00763405    0.0150174  -0.00765305    0.0150222  -0.00765092    0.0150195  -0.00765169    0.0150212  -0.00765102    0.0150203   -0.0076529    0.0150186  -0.00765275    0.0150187  -0.00765273    0.0150184  -0.00765293    0.0150191  -0.00765284    0.0150244  -0.00765194    0.0150308  -0.00764658     0.015027  -0.00764738    0.0150248  -0.00764967    0.0150249  -0.00764885    0.0150236  -0.00764967    0.0150218  -0.00765211    0.0150207  -0.00765269    0.0149536  -0.00761924    0.0150156  -0.00765613    0.0150188  -0.00765287    0.0150189  -0.00765279    0.0150188  -0.00765288    0.0150187  -0.00765283    0.0150189  -0.00765268
 -0.00764165   0.00498501 -4.48546e-08  -0.00764032    0.0049966  -0.00759879   0.00494256  -0.00761242   0.00493862  -0.00763275   0.00495283  -0.00762146   0.00494695  -0.00763342   0.00494641  -0.00763067   0.00495182  -0.00764239    0.0049443  -0.00763858   0.00495213  -0.00764166   0.00495279  -0.00764354   0.00494669    -0.007641    0.0049527  -0.00764151   0.00495123  -0.00763757   0.00495319  -0.00763462   0.00495598  -0.00763345   0.00495843  -0.00763379   0.00496491  -0.00763665   0.00497017  -0.00763835    0.0049722  -0.00763955   0.00497349  -0.00764518   0.00497797  -0.00764513   0.00497889  -0.00764397   0.00497871  -0.00764162     0.004983  -0.00764213   0.00498286  -0.00764211   0.00498236  -0.00764093   0.00498242  -0.00764182   0.00498332  -0.00763997   0.00498113  -0.00763693   0.00497809  -0.00763983   0.00499099  -0.00761522   0.00494915  -0.00763561   0.00495447  -0.00764143   0.00498661  -0.00764208   0.00498495  -0.00764156   0.00498404  -0.00764173   0.00498561  -0.00764271   0.00498321  -0.00764195   0.00498299  -0.00764199   0.00498302  -0.00764223   0.00498268  -0.00764218    0.0049837  -0.00764192   0.00498449   -0.0076405    0.0049884  -0.00764119     0.004988  -0.00764194   0.00498654  -0.00764157   0.00498696  -0.00764172   0.00498665  -0.00764237   0.00498443  -0.00764263   0.00498363  -0.00761349   0.00495046  -0.00764183   0.00498307  -0.00764205    0.0049831  -0.00764207   0.00498308  -0.00764206   0.00498312  -0.00764204   0.00498309  -0.00764203   0.00498306
    0.014999  -0.00759509 -1.24949e-07    0.0149309  -0.00759879     0.015172  -0.00767392    0.0151155   -0.0076579    0.0150688  -0.00766262    0.0151109  -0.00766265    0.0150943  -0.00766541    0.0150908  -0.00765369    0.0150747  -0.00765778    0.0150738  -0.00764872    0.0150691  -0.00764791    0.0150657    -0.007652    0.0150664  -0.00764616    0.0150664   -0.0076475    0.0150642  -0.00764544    0.0150623  -0.00764515    0.0150618  -0.00764407    0.0150605  -0.00763724    0.0150523  -0.00762708    0.0150437  -0.00762073    0.0150385  -0.00761477    0.0150036  -0.00759586    0.0150008   -0.0075935     0.015004  -0.00759403    0.0150074  -0.00758965    0.0150059  -0.00759065    0.0150059  -0.00759136    0.0150155  -0.00758662    0.0150034  -0.00759129    0.0150174  -0.00759471    0.0150432  -0.00760804    0.0149805  -0.00760347    0.0151214  -0.00766752    0.0150628  -0.00764541    0.0150047   -0.0075911    0.0149978  -0.00759495    0.0150016  -0.00759467    0.0149994  -0.00759415    0.0149998  -0.00759354    0.0150027  -0.00759395    0.0150025  -0.00759391    0.0150026  -0.00759402    0.0150019  -0.00759317     0.014995  -0.00759435     0.014988  -0.00759797    0.0149921  -0.00759731    0.0149944   -0.0075957    0.0149949  -0.00759607    0.0149962  -0.00759522    0.0149982  -0.00759379    0.0149996  -0.00759344    0.0151156   -0.0076644    0.0150067  -0.00759014    0.0150025   -0.0075937    0.0150022  -0.00759384    0.0150023  -0.00759365    0.0150024  -0.00759376    0.0150022  -0.00759394
 -0.00762622   0.00495439  6.25823e-08  -0.00761671   0.00494256  -0.00767392   0.00504909  -0.00765578   0.00499636   -0.0076862   0.00501009  -0.00768644    0.0050098  -0.00770837   0.00501922  -0.00769322      0.00501  -0.00770135   0.00499502  -0.00769092   0.00500146  -0.00769307   0.00500237   -0.0076923   0.00499223  -0.00768733   0.00499758  -0.00768937   0.00499726  -0.00768154   0.00499698  -0.00767987   0.00499721  -0.00767941   0.00499667  -0.00767838   0.00499155  -0.00767137    0.0049834  -0.00766407    0.0049781  -0.00765962   0.00497301  -0.00762986   0.00495683  -0.00762772   0.00495503  -0.00762823   0.00495513  -0.00762814   0.00495419  -0.00762809   0.00495407  -0.00762756   0.00495536  -0.00762811   0.00495612    -0.007627   0.00495457  -0.00763013   0.00495951  -0.00763289    0.0049648  -0.00762469   0.00494927   -0.0076855   0.00502403   -0.0076802   0.00499729  -0.00762788   0.00495165  -0.00762562   0.00495443  -0.00762649   0.00495529  -0.00762619   0.00495363  -0.00762501   0.00495643  -0.00762608   0.00495666  -0.00762605   0.00495661   -0.0076257   0.00495701  -0.00762577   0.00495582  -0.00762619   0.00495342  -0.00762603   0.00495076  -0.00762588   0.00495123  -0.00762623   0.00495163  -0.00762625   0.00495197  -0.00762597   0.00495245  -0.00762532   0.00495502   -0.0076251    0.0049559  -0.00766669    0.0050087  -0.00762811     0.004954  -0.00762598   0.00495652  -0.00762595   0.00495655  -0.00762596    0.0049565  -0.00762599   0.00495654  -0.00762593   0.00495659
   0.0150272  -0.00760781 -1.40022e-07    0.0149512  -0.00761242    0.0151155  -0.00765578     0.015278  -0.00771716    0.0150928  -0.00767133    0.0151329  -0.00766013     0.015107  -0.00765791    0.0151063  -0.00764863    0.0150901  -0.00765508    0.0150908  -0.00764544     0.015086  -0.00764444    0.0150831  -0.00765006    0.0150845  -0.00764367    0.0150841  -0.00764497    0.0150829  -0.00764319    0.0150808  -0.00764338    0.0150802  -0.00764285    0.0150791  -0.00763811    0.0150726  -0.00763044    0.0150656  -0.00762543    0.0150614  -0.00762059    0.0150329  -0.00760547    0.0150303  -0.00760354    0.0150339  -0.00760426    0.0150373  -0.00760052    0.0150357  -0.00760153    0.0150359  -0.00760203    0.0150475  -0.00759686    0.0150328  -0.00760227    0.0150498   -0.0076066    0.0150834  -0.00762141    0.0150059  -0.00761683    0.0151538  -0.00766552    0.0150813  -0.00764332    0.0150341  -0.00760273    0.0150259  -0.00760766    0.0150299   -0.0076073    0.0150276   -0.0076067    0.0150279  -0.00760643    0.0150311    -0.007607    0.0150309  -0.00760694    0.0150308  -0.00760708    0.0150301  -0.00760608    0.0150231  -0.00760605     0.015015  -0.00761082    0.0150196  -0.00761002    0.0150224  -0.00760799    0.0150228  -0.00760855    0.0150241  -0.00760781    0.0150263  -0.00760653    0.0150276  -0.00760633    0.0151792  -0.00768379    0.0150366  -0.00760106    0.0150309  -0.00760676    0.0150304  -0.00760688    0.0150306  -0.00760669    0.0150308  -0.00760677    0.0150305  -0.00760701
 -0.00763494   0.00495032  6.74957e-08  -0.00762455   0.00493862   -0.0076579   0.00499636  -0.00771716   0.00510547  -0.00768675   0.00499751  -0.00767551   0.00498201  -0.00768973   0.00498664  -0.00767886   0.00498357  -0.00768798   0.00497103  -0.00767945   0.00497788  -0.00768193   0.00497884  -0.00768185   0.00496977  -0.00767762   0.00497522  -0.00767925   0.00497467   -0.0076729   0.00497485  -0.00767132   0.00497536  -0.00767083   0.00497532  -0.00767017   0.00497262  -0.00766576   0.00496777  -0.00766094    0.0049644  -0.00765807   0.00496112  -0.00763835   0.00495068  -0.00763673   0.00494948  -0.00763741   0.00494975  -0.00763729   0.00494953  -0.00763717   0.00494941  -0.00763662   0.00495072   -0.0076374   0.00495167  -0.00763597   0.00495003  -0.00763989   0.00495597  -0.00764386   0.00496177    -0.007633   0.00494514  -0.00767768   0.00499474  -0.00767175   0.00497525  -0.00763689   0.00494743  -0.00763429   0.00495034  -0.00763526   0.00495113  -0.00763495   0.00494952  -0.00763371   0.00495236  -0.00763494   0.00495252   -0.0076349   0.00495248  -0.00763455   0.00495282   -0.0076346    0.0049517  -0.00763489   0.00494906  -0.00763456   0.00494677  -0.00763442   0.00494729  -0.00763485   0.00494751  -0.00763488   0.00494791  -0.00763463   0.00494838  -0.00763399   0.00495092  -0.00763382   0.00495182  -0.00768019    0.0050083  -0.00763721    0.0049493  -0.00763484   0.00495235  -0.00763479    0.0049524  -0.00763481   0.00495233  -0.00763484   0.00495239  -0.00763477   0.00495245
   0.0150072  -0.00762949 -9.04935e-08    0.0149534  -0.00763275    0.0150688   -0.0076862    0.0150928  -0.00768675    0.0157303   -0.0078032    0.0151245  -0.00770636    0.0151712  -0.00770252    0.0151249   -0.0076968    0.0151202  -0.00769318    0.0151098  -0.00768885    0.0151073  -0.00768882    0.0151036  -0.00768472    0.0151007  -0.00768484    0.0151023  -0.00768517    0.0150942  -0.00768411    0.0150903  -0.00768516    0.0150892  -0.00768505    0.0150877  -0.00767895    0.0150776  -0.00766769    0.0150665  -0.00765991      0.01506  -0.00765233    0.0150151  -0.00762844    0.0150114  -0.00762585    0.0150136  -0.00762608     0.015015  -0.00762385    0.0150136  -0.00762469    0.0150137  -0.00762512    0.0150206  -0.00762162    0.0150115  -0.00762535    0.0150218  -0.00762723    0.0150413  -0.00763671    0.0149927  -0.00763552    0.0151097  -0.00769215    0.0150916  -0.00768469    0.0150127  -0.00762564    0.0150064  -0.00762942    0.0150091  -0.00762919    0.0150076  -0.00762873    0.0150077  -0.00762874    0.0150097  -0.00762912    0.0150096  -0.00762911    0.0150096   -0.0076293    0.0150091  -0.00762848    0.0150048  -0.00762787    0.0149988  -0.00763114    0.0150022  -0.00763067    0.0150043  -0.00762904    0.0150043  -0.00762972    0.0150052  -0.00762922    0.0150066  -0.00762875    0.0150074  -0.00762864    0.0151014  -0.00769139    0.0150144  -0.00762426    0.0150095  -0.00762895    0.0150093  -0.00762903    0.0150094  -0.00762893    0.0150095    -0.007629    0.0150093  -0.00762914
 -0.00762621   0.00496283   4.8492e-08  -0.00761746   0.00495283  -0.00766262   0.00501009  -0.00767133   0.00499751   -0.0078032   0.00515464  -0.00768667    0.0050034  -0.00770515   0.00500519  -0.00768899   0.00500016  -0.00769765    0.0049873  -0.00768746   0.00499341  -0.00768947   0.00499425  -0.00768908   0.00498479  -0.00768432   0.00499035  -0.00768609   0.00498967  -0.00767803   0.00498998  -0.00767498   0.00499142  -0.00767399   0.00499202  -0.00767313   0.00499008  -0.00766772   0.00498455  -0.00766141   0.00498033   -0.0076576   0.00497599  -0.00763127   0.00496233  -0.00762912   0.00496093  -0.00762927   0.00496109  -0.00762775    0.0049624  -0.00762813   0.00496192  -0.00762774   0.00496295  -0.00762802   0.00496436  -0.00762702   0.00496253  -0.00762996   0.00496751  -0.00763425   0.00497253  -0.00762326   0.00495894  -0.00768204   0.00500742  -0.00767586   0.00499082  -0.00762768   0.00496068  -0.00762574   0.00496285  -0.00762645    0.0049635  -0.00762621   0.00496223  -0.00762523   0.00496437  -0.00762631   0.00496418  -0.00762627   0.00496417  -0.00762612   0.00496427  -0.00762608   0.00496374  -0.00762627   0.00496177  -0.00762582   0.00496013  -0.00762566   0.00496059  -0.00762629   0.00496053  -0.00762616   0.00496104  -0.00762599   0.00496137   -0.0076255   0.00496331  -0.00762532   0.00496398  -0.00767927   0.00501515  -0.00762791   0.00496206   -0.0076262   0.00496409  -0.00762615   0.00496412  -0.00762617   0.00496407  -0.00762622   0.00496409  -0.00762617   0.00496418
   0.0150216  -0.00761479 -1.17353e-07     0.014947  -0.00762146    0.0151109  -0.00768644    0.0151329  -0.00767551    0.0151245  -0.00768667     0.015578  -0.00782506     0.015257  -0.00774127    0.0152819  -0.00774582    0.0152533  -0.00774648    0.0152398  -0.00773147    0.0152302  -0.00772965    0.0152228  -0.00773279    0.0152203  -0.00772407    0.0152218  -0.00772611    0.0152081   -0.0077228    0.0151972  -0.00772728    0.0151941  -0.00772822    0.0151908  -0.00771894    0.0151705  -0.00769708    0.0151472  -0.00768112    0.0151334  -0.00766507    0.0150369  -0.00761441    0.0150296  -0.00760924    0.0150309  -0.00760929    0.0150294  -0.00760971    0.0150285  -0.00761031    0.0150282  -0.00761157    0.0150347  -0.00760885    0.0150253  -0.00761156    0.0150371  -0.00761692    0.0150554  -0.00762702    0.0149998  -0.00762495    0.0152492  -0.00771451    0.0152002  -0.00772487     0.015027  -0.00761138    0.0150205  -0.00761467    0.0150241  -0.00761428     0.015022  -0.00761412    0.0150228   -0.0076127    0.0150254  -0.00761316    0.0150253  -0.00761316    0.0150255   -0.0076131    0.0150247   -0.0076126    0.0150179  -0.00761404    0.0150095  -0.00761859    0.0150143  -0.00761759    0.0150179  -0.00761513    0.0150174  -0.00761619    0.0150188  -0.00761538    0.0150211  -0.00761323    0.0150224  -0.00761279    0.0151265  -0.00768211     0.015029  -0.00761001    0.0150252  -0.00761298     0.015025  -0.00761309    0.0150251  -0.00761294    0.0150252  -0.00761303     0.015025  -0.00761317
 -0.00763644   0.00495668  4.70367e-08  -0.00762577   0.00494695  -0.00766265    0.0050098  -0.00766013   0.00498201  -0.00770636    0.0050034  -0.00782506   0.00525074  -0.00775807   0.00504678  -0.00775022   0.00504587  -0.00775672   0.00502902  -0.00774406   0.00503321  -0.00774498   0.00503395  -0.00774294   0.00502346    -0.007737   0.00502779  -0.00773928    0.0050277  -0.00772878   0.00502689  -0.00772534   0.00502757  -0.00772447   0.00502696  -0.00772274   0.00501905  -0.00771126   0.00500588  -0.00769901   0.00499701  -0.00769164   0.00498845  -0.00764177   0.00496148  -0.00763834   0.00495861  -0.00763853    0.0049585  -0.00763748   0.00495777  -0.00763768   0.00495746  -0.00763714   0.00495868  -0.00763694   0.00495974  -0.00763668   0.00495781  -0.00763868     0.004962  -0.00763938   0.00496518  -0.00763384   0.00495277  -0.00770327   0.00502464  -0.00772612   0.00502743  -0.00763745   0.00495499  -0.00763598   0.00495675  -0.00763675   0.00495752  -0.00763644   0.00495614  -0.00763561   0.00495805  -0.00763659   0.00495824  -0.00763657   0.00495821  -0.00763634   0.00495843  -0.00763636   0.00495755  -0.00763616   0.00495668  -0.00763569   0.00495402  -0.00763576   0.00495443  -0.00763641   0.00495474  -0.00763618   0.00495501  -0.00763612   0.00495526  -0.00763577   0.00495702  -0.00763561   0.00495766  -0.00766717   0.00499695  -0.00763756   0.00495752   -0.0076365   0.00495814  -0.00763649   0.00495816   -0.0076365   0.00495813  -0.00763652   0.00495815   -0.0076365   0.00495818
   0.0150124  -0.00762887  -1.2773e-07    0.0149421  -0.00763342    0.0150943  -0.00770837     0.015107  -0.00768973    0.0151712  -0.00770515     0.015257  -0.00775807    0.0158465  -0.00784723     0.015289  -0.00778817    0.0152692   -0.0077892    0.0152504  -0.00777284    0.0152422  -0.00777185    0.0152346  -0.00776955    0.0152296  -0.00776411    0.0152321  -0.00776584    0.0152157  -0.00776244    0.0152058  -0.00776569    0.0152031  -0.00776544    0.0151994  -0.00775183    0.0151759  -0.00772545    0.0151498  -0.00770709    0.0151344  -0.00768904    0.0150271  -0.00763203    0.0150195  -0.00762607    0.0150208  -0.00762599    0.0150197  -0.00762455    0.0150187   -0.0076252    0.0150187  -0.00762631     0.015025  -0.00762321     0.015016  -0.00762609    0.0150265  -0.00762996    0.0150423  -0.00763866    0.0149924  -0.00763705    0.0152108  -0.00773315    0.0152084  -0.00776402    0.0150175  -0.00762512    0.0150112  -0.00762872    0.0150149  -0.00762866    0.0150128  -0.00762798    0.0150131   -0.0076275    0.0150158  -0.00762788    0.0150157  -0.00762784    0.0150159  -0.00762784    0.0150151  -0.00762716     0.015009  -0.00762817    0.0150014  -0.00763131    0.0150057  -0.00763052    0.0150092  -0.00762853    0.0150086  -0.00762946    0.0150098  -0.00762882    0.0150116  -0.00762768    0.0150129  -0.00762749    0.0151023  -0.00769203    0.0150194  -0.00762492    0.0150156  -0.00762764    0.0150154  -0.00762777    0.0150155  -0.00762759    0.0150156  -0.00762769    0.0150155  -0.00762782
 -0.00763377   0.00495846  5.38446e-08  -0.00762305   0.00494641  -0.00766541   0.00501922  -0.00765791   0.00498664  -0.00770252   0.00500519  -0.00774127   0.00504678  -0.00784724   0.00515986   -0.0077789   0.00507245  -0.00778819   0.00505745  -0.00777233   0.00505729   -0.0077721   0.00505782  -0.00776928   0.00504745  -0.00776274   0.00505044  -0.00776544   0.00505085  -0.00775286   0.00504925  -0.00774839   0.00505022  -0.00774728   0.00504934  -0.00774502   0.00503908  -0.00773018   0.00502193   -0.0077144   0.00501047  -0.00770491   0.00499947  -0.00764051   0.00496461  -0.00763617   0.00496088  -0.00763622   0.00496073   -0.0076347   0.00495982  -0.00763501   0.00495939  -0.00763439   0.00496064  -0.00763383   0.00496232  -0.00763397   0.00495973  -0.00763579   0.00496444  -0.00763634   0.00496702  -0.00763137   0.00495318  -0.00771466   0.00503429  -0.00774948   0.00504989  -0.00763476   0.00495627  -0.00763324   0.00495855  -0.00763402   0.00495952  -0.00763371    0.0049578  -0.00763271   0.00496027  -0.00763363    0.0049606   -0.0076336   0.00496058  -0.00763331     0.004961  -0.00763334   0.00495977  -0.00763366   0.00495826  -0.00763334   0.00495498  -0.00763329    0.0049554  -0.00763397   0.00495591   -0.0076337   0.00495619  -0.00763348   0.00495666  -0.00763294   0.00495899  -0.00763278    0.0049598  -0.00766404   0.00500023  -0.00763484   0.00495948  -0.00763354   0.00496047  -0.00763351   0.00496053  -0.00763352   0.00496045  -0.00763355    0.0049605  -0.00763352   0.00496054
   0.0150332  -0.00762655 -1.35513e-07     0.014951  -0.00763067    0.0150908  -0.00769322    0.0151063  -0.00767886    0.0151249  -0.00768899    0.0152819  -0.00775022     0.015289   -0.0077789    0.0158305  -0.00796714    0.0155193    -0.007906    0.0154991  -0.00790179    0.0154844   -0.0079002     0.015467  -0.00789149    0.0154578  -0.00788351    0.0154628  -0.00788631    0.0154295  -0.00788063    0.0154089  -0.00788836     0.015403  -0.00788906    0.0153959  -0.00786518    0.0153508  -0.00781542    0.0153002  -0.00778019      0.01527   -0.0077452    0.0150612   -0.0076342    0.0150467    -0.007623    0.0150462  -0.00762235    0.0150395  -0.00762433    0.0150398  -0.00762424    0.0150388  -0.00762644    0.0150415  -0.00762616    0.0150356  -0.00762582    0.0150442  -0.00763298    0.0150521  -0.00763848    0.0150083  -0.00763536    0.0151839  -0.00771434    0.0154141  -0.00788445    0.0150377  -0.00762319    0.0150319   -0.0076265    0.0150358  -0.00762661    0.0150335  -0.00762565    0.0150341  -0.00762491    0.0150372  -0.00762518    0.0150371  -0.00762517    0.0150373  -0.00762507    0.0150364  -0.00762447    0.0150297  -0.00762661    0.0150205  -0.00762916    0.0150258  -0.00762802    0.0150307   -0.0076255    0.0150292  -0.00762701    0.0150302  -0.00762649    0.0150324  -0.00762511    0.0150338  -0.00762482    0.0151015  -0.00768121    0.0150397  -0.00762429     0.015037  -0.00762497    0.0150367  -0.00762511    0.0150368  -0.00762491     0.015037  -0.00762501    0.0150368  -0.00762519
 -0.00764277   0.00496624  6.81764e-08  -0.00762794   0.00495182  -0.00765369      0.00501  -0.00764863   0.00498357   -0.0076968   0.00500016  -0.00774582   0.00504587  -0.00778817   0.00507245  -0.00796714   0.00529897  -0.00792717   0.00517035  -0.00793275   0.00518846  -0.00793319   0.00518575  -0.00792503   0.00516467  -0.00791431   0.00516983   -0.0079195   0.00517104  -0.00789545   0.00516719  -0.00788683   0.00516856  -0.00788458   0.00516632   -0.0078797   0.00514292  -0.00784759   0.00510523  -0.00781372   0.00508054  -0.00779324   0.00505685  -0.00765509   0.00498155  -0.00764615   0.00497363  -0.00764571   0.00497302   -0.0076423   0.00497073  -0.00764296   0.00496997  -0.00764213   0.00497143  -0.00764025   0.00497379  -0.00764192   0.00496997  -0.00764177   0.00497415  -0.00763735   0.00497307  -0.00763923   0.00495953  -0.00769713   0.00502088  -0.00788866   0.00516831  -0.00764289   0.00496431  -0.00764209   0.00496641  -0.00764308   0.00496783  -0.00764265   0.00496548  -0.00764159   0.00496821  -0.00764276   0.00496872  -0.00764271   0.00496868  -0.00764243   0.00496922   -0.0076424   0.00496765  -0.00764248   0.00496745  -0.00764213   0.00496187  -0.00764236   0.00496222  -0.00764335   0.00496317  -0.00764266   0.00496336  -0.00764236   0.00496394  -0.00764178   0.00496681  -0.00764166    0.0049677  -0.00765499   0.00499751  -0.00764259   0.00497013  -0.00764266   0.00496856  -0.00764261   0.00496861  -0.00764263   0.00496855  -0.00764266    0.0049686   -0.0076426   0.00496864
   0.0150335  -0.00764018 -1.36973e-07    0.0149496  -0.00764239    0.0150747  -0.00770135    0.0150901  -0.00768798    0.0151202  -0.00769765    0.0152533  -0.00775672    0.0152692  -0.00778819    0.0155193  -0.00792717    0.0159856  -0.00808964     0.015604   -0.0079638    0.0155977  -0.00797055    0.0155824  -0.00797156    0.0155655  -0.00795277    0.0155717  -0.00795786    0.0155282  -0.00794921    0.0155016  -0.00796013    0.0154941  -0.00796158    0.0154851  -0.00793352    0.0154296  -0.00787286    0.0153666  -0.00782934    0.0153292  -0.00778595    0.0150695  -0.00764822    0.0150514  -0.00763453      0.01505  -0.00763357    0.0150398  -0.00763823     0.015041  -0.00763742    0.0150397   -0.0076401    0.0150399  -0.00764138     0.015036  -0.00763951    0.0150431  -0.00764788     0.015046  -0.00765087     0.015008  -0.00764766    0.0151616  -0.00772082    0.0155086  -0.00795432    0.0150382  -0.00763624    0.0150322  -0.00764018    0.0150361  -0.00764055    0.0150338  -0.00763922     0.015034  -0.00763919    0.0150371  -0.00763967     0.015037  -0.00763965    0.0150371   -0.0076397    0.0150362  -0.00763874    0.0150307  -0.00763957    0.0150212  -0.00764163    0.0150266  -0.00764061    0.0150323  -0.00763774      0.01503  -0.00763974    0.0150307  -0.00763952    0.0150326  -0.00763907    0.0150337  -0.00763906    0.0150872  -0.00768991    0.0150404  -0.00763782    0.0150369  -0.00763944    0.0150366  -0.00763959    0.0150367  -0.00763939    0.0150369  -0.00763948    0.0150366  -0.00763969
  -0.0076539   0.00495882  7.42408e-08  -0.00763533    0.0049443  -0.00765778   0.00499502  -0.00765508   0.00497103  -0.00769318    0.0049873  -0.00774648   0.00502902   -0.0077892   0.00505744    -0.007906   0.00517035  -0.00808964   0.00546125  -0.00797372   0.00521028  -0.00798351   0.00521508  -0.00799314   0.00522959  -0.00797833    0.0052068  -0.00798076   0.00521331  -0.00795939   0.00520365  -0.00794871   0.00520538  -0.00794625   0.00520205  -0.00794041   0.00517335  -0.00790138   0.00512733  -0.00786032    0.0050974   -0.0078356   0.00506881  -0.00766845   0.00497769  -0.00765771   0.00496804  -0.00765721   0.00496728  -0.00765324   0.00496414  -0.00765387   0.00496325  -0.00765303   0.00496486  -0.00765113   0.00496715  -0.00765281   0.00496325  -0.00765239   0.00496709  -0.00764682   0.00496532   -0.0076493   0.00495213  -0.00769977   0.00500631  -0.00795089   0.00520474  -0.00765394   0.00495683  -0.00765316   0.00495902  -0.00765433   0.00496058  -0.00765382   0.00495802  -0.00765267   0.00496084  -0.00765398   0.00496119  -0.00765393   0.00496116  -0.00765376   0.00496162  -0.00765366   0.00496016  -0.00765347   0.00496043   -0.0076529   0.00495417  -0.00765332   0.00495452  -0.00765457   0.00495554  -0.00765374   0.00495575  -0.00765333   0.00495638  -0.00765285   0.00495935  -0.00765276   0.00496028  -0.00766064   0.00498446  -0.00765346   0.00496344  -0.00765388   0.00496105   -0.0076538    0.0049611  -0.00765383   0.00496104  -0.00765388   0.00496108  -0.00765389   0.00496115
   0.0150448  -0.00763707  -1.3666e-07    0.0149563  -0.00763858    0.0150738  -0.00769092    0.0150908  -0.00767945    0.0151098  -0.00768746    0.0152398  -0.00774406    0.0152504  -0.00777233    0.0154991  -0.00793275     0.015604  -0.00797372    0.0158057  -0.00803951    0.0157105  -0.00802798    0.0156859  -0.00801563    0.0156691  -0.00800909    0.0156813  -0.00801221    0.0156259  -0.00800503    0.0155957  -0.00801732    0.0155867  -0.00801892    0.0155764  -0.00798517    0.0155107  -0.00791298    0.0154364  -0.00786156    0.0153922  -0.00781031    0.0150864  -0.00764779    0.0150651  -0.00763169     0.015063  -0.00763038    0.0150509  -0.00763574    0.0150522  -0.00763483    0.0150507  -0.00763776    0.0150501  -0.00763973    0.0150471    -0.007637    0.0150535  -0.00764587     0.015053  -0.00764743    0.0150177  -0.00764428    0.0151559  -0.00770975    0.0156039  -0.00801093    0.0150495   -0.0076328    0.0150434  -0.00763712    0.0150473  -0.00763771    0.0150451  -0.00763606    0.0150451  -0.00763634    0.0150482  -0.00763682    0.0150481  -0.00763681    0.0150482  -0.00763686    0.0150473  -0.00763581    0.0150421  -0.00763657    0.0150321  -0.00763804    0.0150378   -0.0076369    0.0150441  -0.00763393    0.0150414   -0.0076361     0.015042  -0.00763607    0.0150437  -0.00763606    0.0150448   -0.0076361    0.0150879  -0.00768035    0.0150515  -0.00763523     0.015048  -0.00763658    0.0150477  -0.00763675    0.0150478  -0.00763652     0.015048  -0.00763663    0.0150477  -0.00763684
 -0.00765116   0.00496865  8.04949e-08  -0.00763302   0.00495213  -0.00764872   0.00500146  -0.00764544   0.00497788  -0.00768885   0.00499341  -0.00773147   0.00503321  -0.00777284   0.00505729  -0.00790179   0.00518846   -0.0079638   0.00521028  -0.00803951   0.00531712  -0.00802735   0.00527415  -0.00803138   0.00525154  -0.00802354   0.00526272  -0.00802549   0.00526406  -0.00800084   0.00525872  -0.00799007   0.00525886  -0.00798739   0.00525481  -0.00798057   0.00521992  -0.00793517   0.00516597  -0.00788772   0.00513113  -0.00785906     0.005098  -0.00766637   0.00499247  -0.00765411   0.00498124  -0.00765367   0.00498021  -0.00764958   0.00497553  -0.00765027   0.00497459  -0.00764942   0.00497605  -0.00764741   0.00497844   -0.0076495    0.0049742  -0.00764821   0.00497738    -0.007641   0.00497392  -0.00764687   0.00496053  -0.00768765   0.00501185  -0.00799201   0.00525977  -0.00765061   0.00496677  -0.00765035   0.00496891  -0.00765156   0.00497071    -0.007651   0.00496773   -0.0076498   0.00497096  -0.00765114   0.00497139  -0.00765109   0.00497134  -0.00765086   0.00497187  -0.00765078    0.0049702   -0.0076506   0.00497087  -0.00765036   0.00496324  -0.00765073   0.00496355  -0.00765187   0.00496511  -0.00765101   0.00496512  -0.00765054   0.00496584  -0.00764996   0.00496929  -0.00764986   0.00497032  -0.00765161   0.00499154  -0.00764987   0.00497473  -0.00765105   0.00497121  -0.00765103   0.00497126  -0.00765099   0.00497119  -0.00765104   0.00497126  -0.00765103   0.00497133
   0.0150461  -0.00764043 -1.45888e-07    0.0149562  -0.00764166    0.0150691  -0.00769307     0.015086  -0.00768193    0.0151073  -0.00768947    0.0152302  -0.00774498    0.0152422   -0.0077721    0.0154844  -0.00793319    0.0155977  -0.00798351    0.0157105  -0.00802735    0.0159062  -0.00814551    0.0157383  -0.00803324    0.0157113  -0.00802211    0.0157276   -0.0080261    0.0156634  -0.00801836    0.0156299  -0.00803314    0.0156204  -0.00803577    0.0156093  -0.00800259    0.0155405  -0.00792793    0.0154623  -0.00787401    0.0154157   -0.0078199    0.0150919  -0.00764876    0.0150694  -0.00763191    0.0150667  -0.00763056    0.0150526  -0.00763828    0.0150541  -0.00763723    0.0150526  -0.00764044    0.0150507  -0.00764333    0.0150485  -0.00763974    0.0150544  -0.00764981     0.015052  -0.00765077    0.0150185  -0.00764742     0.015149  -0.00771125      0.01564  -0.00802488    0.0150511  -0.00763574    0.0150446  -0.00764049    0.0150484  -0.00764106    0.0150463   -0.0076393    0.0150463  -0.00763997    0.0150494  -0.00764047    0.0150492  -0.00764044    0.0150493  -0.00764048    0.0150485  -0.00763937    0.0150438  -0.00763916    0.0150335  -0.00764108    0.0150392  -0.00763993    0.0150459  -0.00763656    0.0150429  -0.00763907    0.0150434  -0.00763922    0.0150449  -0.00763951     0.015046  -0.00763964    0.0150837  -0.00768277    0.0150533  -0.00763769    0.0150492  -0.00764021    0.0150489  -0.00764037     0.015049  -0.00764017    0.0150491  -0.00764026    0.0150489  -0.00764044
 -0.00765134    0.0049691  8.01581e-08  -0.00763278   0.00495279  -0.00764791   0.00500237  -0.00764444   0.00497884  -0.00768882   0.00499425  -0.00772965   0.00503395  -0.00777185   0.00505782   -0.0079002   0.00518575  -0.00797055   0.00521508  -0.00802798   0.00527415  -0.00814551   0.00549172  -0.00804383   0.00525001  -0.00803165   0.00525674  -0.00803574   0.00525862  -0.00800785   0.00525333  -0.00799559   0.00525495  -0.00799251   0.00525169  -0.00798567   0.00521859  -0.00794036   0.00516526  -0.00789243   0.00513042  -0.00786359   0.00509701  -0.00766843   0.00499069   -0.0076559   0.00497947  -0.00765504   0.00497843  -0.00765008   0.00497536  -0.00765085   0.00497432  -0.00764997   0.00497594  -0.00764731   0.00497874  -0.00764987   0.00497416  -0.00764848   0.00497815  -0.00764053   0.00497469  -0.00764673    0.0049611  -0.00768624   0.00501273  -0.00799818   0.00525498  -0.00765103   0.00496703  -0.00765054   0.00496934  -0.00765168   0.00497109  -0.00765121   0.00496819   -0.0076499   0.00497147  -0.00765129   0.00497184  -0.00765124   0.00497182    -0.007651   0.00497232  -0.00765094   0.00497071  -0.00765101   0.00497085  -0.00765058   0.00496368  -0.00765097   0.00496406  -0.00765233   0.00496523  -0.00765131   0.00496548   -0.0076508   0.00496629  -0.00765013   0.00496978  -0.00765003   0.00497082  -0.00765064   0.00499272  -0.00765036   0.00497453  -0.00765119   0.00497169  -0.00765118   0.00497173   -0.0076512   0.00497168  -0.00765118   0.00497173  -0.00765116   0.00497179
   0.0150478  -0.00764312 -1.42645e-07    0.0149569  -0.00764354    0.0150657   -0.0076923    0.0150831  -0.00768185    0.0151036  -0.00768908    0.0152228  -0.00774294    0.0152346  -0.00776928     0.015467  -0.00792503    0.0155824  -0.00799314    0.0156859  -0.00803138    0.0157383  -0.00804383    0.0159165  -0.00812202    0.0157471  -0.00805406    0.0157752   -0.0080765    0.0156994  -0.00805177     0.015666  -0.00806869    0.0156561  -0.00806956    0.0156445  -0.00803245    0.0155708   -0.0079516    0.0154875  -0.00789397    0.0154379  -0.00783648    0.0150947  -0.00765449     0.015071  -0.00763648    0.0150684    -0.007635    0.0150539   -0.0076419    0.0150555  -0.00764072    0.0150539  -0.00764395    0.0150519  -0.00764682      0.01505  -0.00764308    0.0150555  -0.00765278    0.0150519  -0.00765285      0.01502  -0.00764958     0.015144  -0.00771006     0.015674   -0.0080589    0.0150526  -0.00763844    0.0150464  -0.00764323    0.0150501  -0.00764395    0.0150481  -0.00764195    0.0150479  -0.00764282     0.015051  -0.00764331    0.0150509  -0.00764328    0.0150511  -0.00764335    0.0150502  -0.00764217    0.0150455  -0.00764224    0.0150353  -0.00764336     0.015041  -0.00764225    0.0150477  -0.00763904    0.0150447  -0.00764151    0.0150451  -0.00764173    0.0150466  -0.00764222    0.0150477  -0.00764239     0.015081  -0.00768242    0.0150547  -0.00764124    0.0150508  -0.00764306    0.0150506  -0.00764321    0.0150507  -0.00764301    0.0150508  -0.00764311    0.0150506  -0.00764328
 -0.00765879   0.00496296  8.32435e-08  -0.00763794   0.00494669    -0.007652   0.00499223  -0.00765006   0.00496977  -0.00768472   0.00498479  -0.00773279   0.00502346  -0.00776955   0.00504745  -0.00789149   0.00516467  -0.00797156   0.00522959  -0.00801563   0.00525154  -0.00803324   0.00525001  -0.00812202   0.00538817  -0.00805829   0.00527421  -0.00807933   0.00531029  -0.00804221   0.00527213  -0.00802954   0.00527581  -0.00802665    0.0052704  -0.00801933   0.00523386  -0.00796983   0.00517564  -0.00791808   0.00513789   -0.0078869   0.00510181   -0.0076766   0.00498699  -0.00766317   0.00497488  -0.00766238   0.00497375  -0.00765733   0.00496986  -0.00765814   0.00496878  -0.00765729   0.00497043  -0.00765484   0.00497312  -0.00765718   0.00496852  -0.00765573   0.00497224  -0.00764752    0.0049685  -0.00765356   0.00495509  -0.00769015    0.0050027  -0.00803159   0.00527334  -0.00765839   0.00496093  -0.00765795   0.00496324  -0.00765926   0.00496505  -0.00765863   0.00496202  -0.00765741    0.0049653  -0.00765888   0.00496568  -0.00765881   0.00496564   -0.0076586   0.00496612  -0.00765847   0.00496448  -0.00765829   0.00496513  -0.00765771   0.00495752  -0.00765825   0.00495786  -0.00765971   0.00495914  -0.00765858   0.00495934  -0.00765814   0.00496013  -0.00765758   0.00496357  -0.00765749   0.00496461  -0.00765583   0.00498304  -0.00765765     0.004969  -0.00765877   0.00496549  -0.00765867   0.00496556   -0.0076587   0.00496549  -0.00765876   0.00496554  -0.00765875   0.00496563
